5.295467E+00  4.6800E+03
5.660855E+00  3.9181E+03
6.051453E+00  3.2759E+03
6.469004E+00  2.7403E+03
6.915365E+00  2.2949E+03
7.392525E+00  1.9238E+03
7.902609E+00  1.6128E+03
8.447890E+00  1.3533E+03
9.030794E+00  1.1343E+03
9.653919E+00  9.4408E+02
1.032004E+01  7.8644E+02
1.103212E+01  6.5564E+02
1.179334E+01  5.4525E+02
1.260708E+01  4.5335E+02
1.347697E+01  3.7614E+02
1.440688E+01  3.1253E+02
1.540095E+01  2.6006E+02
1.646362E+01  2.1671E+02
1.759961E+01  1.8087E+02
1.881398E+01  1.5118E+02
1.959951E+01  1.3556E+02
1.989950E+01  1.3021E+02
1.997950E+01  1.2883E+02
2.011215E+01  8.2200E+02
2.039949E+01  7.8986E+02
2.149988E+01  6.8388E+02
2.298338E+01  5.7476E+02
2.456923E+01  4.8409E+02
2.626450E+01  4.0731E+02
2.807676E+01  3.4041E+02
3.001405E+01  2.8417E+02
3.208502E+01  2.3733E+02
3.429889E+01  1.9829E+02
3.666551E+01  1.6573E+02
3.919543E+01  1.3860E+02