5.295467E+00  6.4300E+03
5.660855E+00  5.4163E+03
6.051453E+00  4.5419E+03
6.469004E+00  3.8052E+03
6.915365E+00  3.1847E+03
7.392525E+00  2.6683E+03
7.902609E+00  2.2381E+03
8.447890E+00  1.8794E+03
9.030794E+00  1.5754E+03
9.653919E+00  1.3105E+03
1.032004E+01  1.0914E+03
1.103212E+01  9.1013E+02
1.179334E+01  7.5951E+02
1.260708E+01  6.3384E+02
1.347697E+01  5.2798E+02
1.440688E+01  4.3932E+02
1.540095E+01  3.6517E+02
1.646362E+01  3.0396E+02
1.759961E+01  2.5339E+02
1.881398E+01  2.1155E+02
2.011215E+01  1.7689E+02
2.149988E+01  1.4813E+02
2.167486E+01  1.4499E+02
2.200661E+01  1.3929E+02
2.209508E+01  1.3783E+02
2.222779E+01  8.5330E+02
2.255954E+01  8.1882E+02
2.298338E+01  7.7748E+02
2.456923E+01  6.5236E+02
2.626450E+01  5.4992E+02
2.807676E+01  4.6145E+02
3.001405E+01  3.8566E+02
3.208502E+01  3.2207E+02
3.429889E+01  2.6906E+02
3.666551E+01  2.2485E+02
3.919543E+01  1.8799E+02