5.295467E+00  6.5001E+03
5.660855E+00  5.4729E+03
6.051453E+00  4.6121E+03
6.469004E+00  3.8888E+03
6.915365E+00  3.2741E+03
7.392525E+00  2.7481E+03
7.902609E+00  2.3057E+03
8.447890E+00  1.9352E+03
9.030794E+00  1.6221E+03
9.653919E+00  1.3494E+03
1.032004E+01  1.1239E+03
1.103212E+01  9.3684E+02
1.179334E+01  7.8137E+02
1.260708E+01  6.5242E+02
1.347697E+01  5.4548E+02
1.440688E+01  4.5638E+02
1.540095E+01  3.8117E+02
1.646362E+01  3.1826E+02
1.759961E+01  2.6490E+02
1.881398E+01  2.2078E+02
2.011215E+01  1.8428E+02
2.149988E+01  1.5406E+02
2.298338E+01  1.2898E+02
2.456923E+01  1.0815E+02
2.500372E+01  1.0329E+02
2.538643E+01  9.9262E+01
2.548849E+01  9.8227E+01
2.564157E+01  5.8094E+02
2.602428E+01  5.5792E+02
2.626450E+01  5.4411E+02
2.807676E+01  4.5864E+02
3.001405E+01  3.8649E+02
3.208502E+01  3.2277E+02
3.429889E+01  2.6897E+02
3.666551E+01  2.2469E+02
3.919543E+01  1.8777E+02