5.295467E+00  8.8135E+03
5.660855E+00  7.4498E+03
6.051453E+00  6.3018E+03
6.469004E+00  5.3395E+03
6.915365E+00  4.5318E+03
7.392525E+00  3.8531E+03
7.902609E+00  3.2802E+03
8.447890E+00  2.7854E+03
9.030794E+00  2.3600E+03
9.653919E+00  1.9788E+03
1.000266E+01  1.8021E+03
1.015577E+01  1.7306E+03
1.019659E+01  1.7122E+03
1.025783E+01  4.5313E+03
1.032004E+01  4.4444E+03
1.041094E+01  4.3211E+03
1.103212E+01  3.6228E+03
1.131312E+01  3.3750E+03
1.148628E+01  3.2356E+03
1.153246E+01  3.1999E+03
1.160172E+01  4.3738E+03
1.177488E+01  4.2018E+03
1.179334E+01  4.1840E+03
1.185780E+01  4.1231E+03
1.203930E+01  3.9584E+03
1.208770E+01  3.9160E+03
1.216030E+01  4.4583E+03
1.234180E+01  4.2962E+03
1.260708E+01  4.0746E+03
1.347697E+01  3.4476E+03
1.440688E+01  2.9074E+03
1.540095E+01  2.4494E+03
1.646362E+01  2.0595E+03
1.759961E+01  1.7316E+03
1.881398E+01  1.4565E+03
2.011215E+01  1.2262E+03
2.149988E+01  1.0319E+03
2.298338E+01  8.6894E+02
2.456923E+01  7.3145E+02
2.626450E+01  6.1567E+02
2.807676E+01  5.1475E+02
3.001405E+01  4.2981E+02
3.208502E+01  3.5939E+02
3.429889E+01  3.0087E+02
3.666551E+01  2.5219E+02
3.919543E+01  2.1170E+02