Filename:  C:\Users\au576929\Documents\ExperimentalPhysics3\X-rays\Absorbanter\Day 3\Calibration\Calibration.mca
Description:  
TimeStamp:  11/25/2019 12:11:43

Spectral Data Information
Channel	Data
0	0
1	0
2	0
3	0
4	0
5	0
6	0
7	0
8	0
9	0
10	0
11	0
12	0
13	0
14	0
15	0
16	0
17	0
18	0
19	0
20	0
21	0
22	0
23	0
24	0
25	0
26	0
27	0
28	0
29	0
30	0
31	0
32	0
33	0
34	0
35	0
36	0
37	0
38	0
39	13
40	29
41	32
42	27
43	25
44	39
45	30
46	37
47	42
48	46
49	37
50	35
51	34
52	36
53	29
54	33
55	33
56	26
57	36
58	27
59	32
60	25
61	33
62	44
63	33
64	32
65	30
66	19
67	14
68	22
69	25
70	19
71	24
72	30
73	29
74	26
75	29
76	19
77	19
78	25
79	25
80	17
81	19
82	18
83	23
84	33
85	13
86	21
87	10
88	28
89	12
90	11
91	19
92	14
93	17
94	22
95	23
96	19
97	20
98	23
99	10
100	15
101	12
102	9
103	18
104	16
105	13
106	17
107	10
108	10
109	14
110	13
111	13
112	11
113	18
114	8
115	10
116	10
117	11
118	10
119	21
120	15
121	12
122	11
123	10
124	13
125	12
126	10
127	8
128	13
129	14
130	10
131	6
132	4
133	5
134	5
135	7
136	8
137	8
138	10
139	10
140	11
141	7
142	8
143	5
144	10
145	9
146	8
147	10
148	12
149	14
150	7
151	14
152	8
153	5
154	10
155	13
156	8
157	14
158	8
159	18
160	8
161	11
162	18
163	11
164	11
165	19
166	4
167	17
168	12
169	15
170	18
171	22
172	11
173	25
174	17
175	15
176	30
177	31
178	30
179	21
180	27
181	38
182	35
183	30
184	36
185	29
186	44
187	48
188	51
189	40
190	51
191	34
192	45
193	61
194	69
195	66
196	56
197	69
198	61
199	77
200	107
201	116
202	138
203	150
204	193
205	169
206	156
207	139
208	135
209	122
210	123
211	127
212	126
213	131
214	123
215	128
216	109
217	125
218	137
219	159
220	158
221	142
222	180
223	194
224	174
225	143
226	184
227	190
228	169
229	198
230	215
231	208
232	223
233	209
234	243
235	241
236	202
237	225
238	239
239	259
240	249
241	291
242	268
243	292
244	298
245	284
246	325
247	345
248	326
249	369
250	389
251	409
252	496
253	714
254	1413
255	3557
256	8120
257	16703
258	28075
259	37821
260	41399
261	36082
262	25696
263	14526
264	6996
265	2936
266	1231
267	731
268	572
269	501
270	541
271	564
272	516
273	537
274	554
275	578
276	606
277	623
278	675
279	724
280	831
281	919
282	1191
283	2046
284	3427
285	5722
286	8465
287	10386
288	10646
289	9051
290	6363
291	3592
292	1763
293	729
294	335
295	128
296	103
297	85
298	70
299	106
300	109
301	118
302	103
303	96
304	97
305	129
306	110
307	108
308	106
309	116
310	117
311	109
312	94
313	96
314	85
315	96
316	88
317	83
318	101
319	92
320	118
321	97
322	101
323	113
324	122
325	95
326	107
327	121
328	106
329	121
330	101
331	100
332	97
333	109
334	115
335	118
336	115
337	132
338	115
339	123
340	125
341	128
342	114
343	128
344	114
345	129
346	109
347	134
348	113
349	129
350	131
351	151
352	134
353	132
354	130
355	136
356	118
357	149
358	128
359	131
360	139
361	145
362	132
363	143
364	133
365	133
366	140
367	143
368	176
369	152
370	145
371	161
372	164
373	155
374	144
375	158
376	154
377	152
378	156
379	179
380	158
381	137
382	179
383	180
384	160
385	189
386	184
387	164
388	170
389	153
390	155
391	159
392	170
393	138
394	152
395	169
396	162
397	185
398	179
399	147
400	139
401	163
402	171
403	185
404	168
405	180
406	177
407	192
408	179
409	187
410	202
411	148
412	197
413	179
414	174
415	178
416	199
417	181
418	193
419	153
420	188
421	201
422	181
423	191
424	177
425	175
426	168
427	177
428	184
429	195
430	165
431	161
432	162
433	189
434	200
435	167
436	172
437	161
438	187
439	169
440	178
441	198
442	184
443	170
444	201
445	172
446	174
447	176
448	206
449	182
450	183
451	167
452	185
453	175
454	195
455	183
456	206
457	189
458	184
459	193
460	198
461	205
462	195
463	191
464	181
465	181
466	205
467	184
468	204
469	202
470	190
471	197
472	174
473	211
474	193
475	176
476	192
477	223
478	178
479	179
480	189
481	167
482	175
483	222
484	213
485	167
486	192
487	182
488	181
489	177
490	200
491	185
492	194
493	179
494	192
495	189
496	181
497	198
498	200
499	199
500	191
501	204
502	201
503	187
504	204
505	210
506	194
507	184
508	194
509	188
510	189
511	198
512	205
513	199
514	185
515	211
516	222
517	189
518	208
519	198
520	208
521	212
522	207
523	196
524	192
525	168
526	178
527	196
528	190
529	179
530	172
531	169
532	201
533	201
534	186
535	212
536	171
537	194
538	176
539	180
540	195
541	193
542	193
543	181
544	191
545	189
546	210
547	198
548	157
549	205
550	201
551	188
552	199
553	193
554	200
555	187
556	177
557	191
558	207
559	179
560	182
561	168
562	165
563	193
564	168
565	198
566	177
567	168
568	177
569	207
570	178
571	183
572	163
573	180
574	225
575	207
576	177
577	197
578	170
579	190
580	198
581	181
582	204
583	198
584	208
585	173
586	188
587	201
588	180
589	184
590	177
591	155
592	186
593	183
594	170
595	172
596	194
597	184
598	195
599	187
600	191
601	180
602	187
603	183
604	191
605	206
606	169
607	171
608	180
609	187
610	181
611	192
612	177
613	177
614	190
615	167
616	171
617	197
618	176
619	162
620	169
621	188
622	192
623	175
624	202
625	175
626	180
627	182
628	178
629	160
630	178
631	175
632	180
633	169
634	176
635	174
636	191
637	192
638	178
639	206
640	165
641	200
642	181
643	203
644	165
645	174
646	171
647	181
648	173
649	160
650	186
651	157
652	183
653	180
654	196
655	191
656	176
657	164
658	152
659	175
660	187
661	194
662	192
663	187
664	179
665	180
666	156
667	161
668	174
669	151
670	157
671	183
672	169
673	150
674	180
675	163
676	158
677	156
678	176
679	166
680	186
681	172
682	174
683	190
684	173
685	151
686	174
687	170
688	159
689	171
690	183
691	188
692	154
693	153
694	171
695	158
696	159
697	180
698	171
699	183
700	164
701	160
702	165
703	151
704	155
705	156
706	182
707	152
708	180
709	164
710	181
711	159
712	192
713	157
714	152
715	157
716	149
717	166
718	158
719	172
720	159
721	161
722	155
723	154
724	174
725	151
726	147
727	163
728	155
729	154
730	160
731	146
732	189
733	146
734	159
735	144
736	140
737	142
738	140
739	132
740	136
741	142
742	145
743	159
744	170
745	153
746	148
747	152
748	135
749	147
750	157
751	151
752	144
753	164
754	158
755	145
756	147
757	160
758	146
759	162
760	144
761	141
762	155
763	143
764	132
765	141
766	138
767	149
768	129
769	141
770	145
771	150
772	150
773	133
774	156
775	173
776	130
777	142
778	143
779	132
780	154
781	141
782	126
783	151
784	141
785	142
786	148
787	146
788	126
789	134
790	135
791	123
792	156
793	132
794	129
795	120
796	148
797	130
798	117
799	115
800	141
801	151
802	131
803	125
804	151
805	139
806	132
807	149
808	113
809	134
810	125
811	125
812	137
813	131
814	148
815	140
816	113
817	129
818	144
819	126
820	110
821	129
822	115
823	127
824	136
825	132
826	138
827	130
828	133
829	128
830	130
831	114
832	111
833	111
834	126
835	113
836	107
837	139
838	112
839	105
840	106
841	97
842	87
843	97
844	118
845	101
846	105
847	104
848	122
849	127
850	130
851	102
852	114
853	97
854	122
855	94
856	111
857	109
858	107
859	104
860	124
861	83
862	100
863	103
864	116
865	119
866	102
867	107
868	95
869	119
870	97
871	105
872	100
873	85
874	101
875	110
876	118
877	119
878	96
879	97
880	87
881	94
882	96
883	95
884	84
885	135
886	98
887	95
888	108
889	107
890	95
891	106
892	92
893	95
894	80
895	95
896	76
897	83
898	80
899	85
900	84
901	91
902	96
903	83
904	87
905	84
906	92
907	86
908	78
909	79
910	86
911	84
912	92
913	87
914	73
915	86
916	79
917	70
918	98
919	79
920	87
921	83
922	80
923	71
924	83
925	85
926	83
927	96
928	94
929	77
930	90
931	51
932	65
933	81
934	66
935	87
936	70
937	61
938	77
939	73
940	86
941	64
942	69
943	62
944	74
945	70
946	75
947	64
948	72
949	85
950	74
951	77
952	75
953	70
954	75
955	58
956	86
957	61
958	55
959	58
960	59
961	79
962	66
963	62
964	65
965	59
966	66
967	61
968	57
969	48
970	57
971	58
972	64
973	48
974	67
975	79
976	49
977	72
978	57
979	50
980	55
981	41
982	47
983	49
984	51
985	63
986	60
987	46
988	41
989	58
990	49
991	50
992	51
993	48
994	57
995	47
996	54
997	48
998	47
999	41
1000	48
1001	51
1002	44
1003	54
1004	54
1005	42
1006	37
1007	42
1008	35
1009	43
1010	49
1011	49
1012	50
1013	44
1014	43
1015	46
1016	45
1017	44
1018	66
1019	43
1020	42
1021	42
1022	53
1023	28
1024	34
1025	40
1026	40
1027	39
1028	34
1029	43
1030	33
1031	38
1032	41
1033	39
1034	39
1035	39
1036	32
1037	31
1038	33
1039	36
1040	30
1041	40
1042	31
1043	38
1044	26
1045	36
1046	33
1047	31
1048	31
1049	24
1050	36
1051	25
1052	32
1053	26
1054	36
1055	24
1056	31
1057	37
1058	39
1059	30
1060	30
1061	27
1062	23
1063	30
1064	29
1065	26
1066	26
1067	19
1068	19
1069	33
1070	22
1071	22
1072	25
1073	17
1074	21
1075	29
1076	24
1077	24
1078	23
1079	23
1080	23
1081	24
1082	25
1083	23
1084	20
1085	21
1086	21
1087	16
1088	10
1089	17
1090	17
1091	19
1092	20
1093	28
1094	16
1095	20
1096	18
1097	17
1098	16
1099	15
1100	16
1101	11
1102	17
1103	15
1104	9
1105	10
1106	12
1107	10
1108	12
1109	23
1110	10
1111	12
1112	15
1113	15
1114	14
1115	12
1116	5
1117	10
1118	12
1119	15
1120	7
1121	12
1122	17
1123	8
1124	11
1125	12
1126	8
1127	5
1128	15
1129	7
1130	8
1131	3
1132	14
1133	5
1134	12
1135	9
1136	7
1137	7
1138	4
1139	8
1140	5
1141	8
1142	4
1143	1
1144	2
1145	1
1146	7
1147	9
1148	4
1149	1
1150	1
1151	1
1152	1
1153	5
1154	0
1155	0
1156	1
1157	0
1158	0
1159	0
1160	0
1161	0
1162	0
1163	0
1164	1
1165	1
1166	0
1167	0
1168	0
1169	0
1170	0
1171	0
1172	0
1173	0
1174	0
1175	0
1176	0
1177	1
1178	0
1179	0
1180	1
1181	0
1182	0
1183	0
1184	0
1185	0
1186	0
1187	0
1188	0
1189	0
1190	0
1191	0
1192	0
1193	0
1194	0
1195	0
1196	0
1197	0
1198	0
1199	0
1200	0
1201	0
1202	0
1203	0
1204	0
1205	0
1206	1
1207	0
1208	0
1209	0
1210	0
1211	0
1212	0
1213	0
1214	0
1215	0
1216	0
1217	0
1218	0
1219	0
1220	0
1221	0
1222	0
1223	0
1224	0
1225	1
1226	0
1227	1
1228	0
1229	0
1230	0
1231	0
1232	0
1233	0
1234	0
1235	0
1236	0
1237	0
1238	0
1239	0
1240	0
1241	0
1242	0
1243	0
1244	0
1245	1
1246	0
1247	0
1248	0
1249	0
1250	2
1251	1
1252	0
1253	0
1254	0
1255	0
1256	0
1257	0
1258	0
1259	0
1260	0
1261	0
1262	0
1263	0
1264	0
1265	0
1266	0
1267	0
1268	0
1269	0
1270	0
1271	0
1272	0
1273	0
1274	0
1275	0
1276	0
1277	0
1278	0
1279	0
1280	0
1281	0
1282	0
1283	0
1284	0
1285	0
1286	0
1287	0
1288	0
1289	0
1290	0
1291	0
1292	0
1293	0
1294	0
1295	0
1296	0
1297	0
1298	0
1299	0
1300	0
1301	0
1302	0
1303	0
1304	0
1305	0
1306	0
1307	0
1308	1
1309	0
1310	0
1311	0
1312	0
1313	0
1314	0
1315	0
1316	0
1317	1
1318	0
1319	0
1320	0
1321	0
1322	0
1323	0
1324	0
1325	0
1326	0
1327	0
1328	0
1329	0
1330	0
1331	0
1332	0
1333	0
1334	0
1335	0
1336	0
1337	0
1338	0
1339	0
1340	0
1341	0
1342	0
1343	0
1344	0
1345	0
1346	0
1347	0
1348	0
1349	0
1350	1
1351	0
1352	0
1353	0
1354	0
1355	0
1356	0
1357	0
1358	0
1359	0
1360	0
1361	0
1362	0
1363	0
1364	0
1365	0
1366	0
1367	0
1368	1
1369	0
1370	0
1371	0
1372	0
1373	0
1374	0
1375	0
1376	0
1377	0
1378	0
1379	0
1380	0
1381	0
1382	0
1383	0
1384	0
1385	0
1386	0
1387	0
1388	0
1389	1
1390	0
1391	0
1392	0
1393	0
1394	0
1395	0
1396	0
1397	0
1398	0
1399	0
1400	0
1401	0
1402	0
1403	0
1404	0
1405	0
1406	1
1407	0
1408	0
1409	0
1410	0
1411	0
1412	0
1413	0
1414	0
1415	0
1416	0
1417	0
1418	0
1419	0
1420	0
1421	0
1422	1
1423	0
1424	0
1425	0
1426	0
1427	0
1428	0
1429	0
1430	0
1431	0
1432	0
1433	0
1434	0
1435	0
1436	0
1437	0
1438	0
1439	2
1440	0
1441	0
1442	0
1443	0
1444	1
1445	0
1446	0
1447	0
1448	1
1449	0
1450	0
1451	1
1452	0
1453	0
1454	0
1455	0
1456	0
1457	0
1458	0
1459	0
1460	0
1461	0
1462	0
1463	0
1464	0
1465	0
1466	0
1467	0
1468	0
1469	0
1470	0
1471	0
1472	0
1473	0
1474	0
1475	0
1476	0
1477	0
1478	0
1479	0
1480	0
1481	0
1482	0
1483	0
1484	0
1485	0
1486	0
1487	0
1488	0
1489	0
1490	0
1491	0
1492	0
1493	0
1494	0
1495	0
1496	0
1497	0
1498	0
1499	0
1500	0
1501	0
1502	0
1503	0
1504	0
1505	0
1506	0
1507	0
1508	0
1509	0
1510	1
1511	0
1512	0
1513	0
1514	0
1515	0
1516	0
1517	0
1518	0
1519	0
1520	0
1521	0
1522	0
1523	0
1524	0
1525	0
1526	0
1527	0
1528	0
1529	0
1530	0
1531	0
1532	0
1533	0
1534	0
1535	0
1536	0
1537	0
1538	0
1539	0
1540	0
1541	0
1542	0
1543	0
1544	0
1545	0
1546	0
1547	0
1548	0
1549	0
1550	0
1551	0
1552	0
1553	0
1554	0
1555	0
1556	0
1557	0
1558	0
1559	0
1560	0
1561	0
1562	0
1563	0
1564	0
1565	0
1566	0
1567	0
1568	0
1569	0
1570	1
1571	0
1572	0
1573	0
1574	0
1575	0
1576	0
1577	0
1578	0
1579	0
1580	1
1581	0
1582	0
1583	0
1584	0
1585	0
1586	0
1587	0
1588	0
1589	0
1590	0
1591	0
1592	0
1593	0
1594	0
1595	0
1596	0
1597	0
1598	0
1599	0
1600	0
1601	0
1602	0
1603	0
1604	0
1605	0
1606	0
1607	0
1608	0
1609	0
1610	0
1611	0
1612	0
1613	0
1614	0
1615	0
1616	0
1617	0
1618	0
1619	0
1620	0
1621	0
1622	1
1623	0
1624	0
1625	0
1626	0
1627	0
1628	0
1629	0
1630	0
1631	0
1632	0
1633	0
1634	0
1635	0
1636	0
1637	0
1638	0
1639	0
1640	0
1641	0
1642	1
1643	0
1644	0
1645	0
1646	0
1647	0
1648	0
1649	0
1650	0
1651	0
1652	0
1653	0
1654	0
1655	0
1656	0
1657	0
1658	0
1659	0
1660	0
1661	0
1662	0
1663	0
1664	0
1665	0
1666	0
1667	0
1668	0
1669	0
1670	0
1671	0
1672	0
1673	0
1674	0
1675	0
1676	0
1677	0
1678	0
1679	0
1680	0
1681	0
1682	0
1683	0
1684	0
1685	0
1686	0
1687	0
1688	0
1689	0
1690	0
1691	0
1692	0
1693	0
1694	0
1695	0
1696	0
1697	0
1698	0
1699	0
1700	0
1701	0
1702	0
1703	0
1704	0
1705	0
1706	0
1707	0
1708	0
1709	0
1710	0
1711	0
1712	1
1713	0
1714	0
1715	0
1716	0
1717	0
1718	0
1719	0
1720	0
1721	0
1722	0
1723	0
1724	0
1725	0
1726	0
1727	0
1728	0
1729	0
1730	0
1731	0
1732	0
1733	0
1734	0
1735	0
1736	0
1737	0
1738	0
1739	0
1740	0
1741	0
1742	0
1743	0
1744	0
1745	0
1746	0
1747	0
1748	0
1749	0
1750	0
1751	0
1752	0
1753	0
1754	0
1755	0
1756	0
1757	0
1758	0
1759	0
1760	0
1761	0
1762	0
1763	0
1764	0
1765	0
1766	0
1767	0
1768	0
1769	0
1770	0
1771	0
1772	0
1773	0
1774	0
1775	0
1776	0
1777	0
1778	0
1779	0
1780	0
1781	0
1782	0
1783	0
1784	0
1785	0
1786	0
1787	0
1788	0
1789	0
1790	0
1791	0
1792	0
1793	0
1794	0
1795	0
1796	0
1797	0
1798	0
1799	0
1800	0
1801	0
1802	0
1803	0
1804	0
1805	0
1806	0
1807	0
1808	0
1809	0
1810	0
1811	0
1812	0
1813	0
1814	0
1815	0
1816	0
1817	0
1818	0
1819	0
1820	0
1821	0
1822	0
1823	0
1824	0
1825	0
1826	0
1827	0
1828	0
1829	0
1830	0
1831	0
1832	0
1833	0
1834	0
1835	0
1836	0
1837	0
1838	0
1839	0
1840	0
1841	0
1842	0
1843	0
1844	0
1845	0
1846	0
1847	0
1848	0
1849	0
1850	0
1851	0
1852	0
1853	0
1854	0
1855	0
1856	0
1857	0
1858	0
1859	0
1860	0
1861	0
1862	0
1863	0
1864	0
1865	0
1866	0
1867	0
1868	0
1869	0
1870	0
1871	0
1872	0
1873	0
1874	0
1875	0
1876	0
1877	0
1878	0
1879	0
1880	0
1881	0
1882	0
1883	0
1884	0
1885	0
1886	0
1887	0
1888	0
1889	0
1890	0
1891	0
1892	0
1893	0
1894	0
1895	0
1896	0
1897	0
1898	0
1899	0
1900	0
1901	0
1902	0
1903	0
1904	0
1905	0
1906	0
1907	0
1908	0
1909	0
1910	0
1911	0
1912	0
1913	0
1914	0
1915	0
1916	0
1917	0
1918	0
1919	0
1920	0
1921	0
1922	0
1923	0
1924	0
1925	0
1926	0
1927	0
1928	0
1929	0
1930	0
1931	0
1932	0
1933	0
1934	0
1935	0
1936	0
1937	0
1938	0
1939	0
1940	0
1941	0
1942	0
1943	0
1944	0
1945	0
1946	0
1947	0
1948	0
1949	0
1950	0
1951	0
1952	0
1953	0
1954	0
1955	0
1956	0
1957	0
1958	0
1959	0
1960	0
1961	0
1962	0
1963	0
1964	0
1965	0
1966	0
1967	0
1968	0
1969	0
1970	0
1971	0
1972	0
1973	0
1974	0
1975	0
1976	0
1977	0
1978	0
1979	0
1980	0
1981	0
1982	0
1983	0
1984	0
1985	0
1986	0
1987	0
1988	0
1989	0
1990	0
1991	0
1992	0
1993	0
1994	0
1995	0
1996	0
1997	0
1998	0
1999	0
2000	0
2001	0
2002	0
2003	0
2004	0
2005	0
2006	0
2007	0
2008	0
2009	0
2010	0
2011	0
2012	0
2013	0
2014	0
2015	0
2016	0
2017	0
2018	0
2019	0
2020	0
2021	0
2022	0
2023	0
2024	0
2025	0
2026	0
2027	0
2028	0
2029	0
2030	0
2031	0
2032	0
2033	0
2034	0
2035	0
2036	0
2037	0
2038	0
2039	0
2040	0
2041	0
2042	0
2043	0
2044	0
2045	0
2046	0
2047	0
