187651643 106.871869 187651655 178.145703 
189412889 595.871869 189412878 -0.150297 
342354874 120.871869 342354889 186.356703 
496251137 296.871869 496251160 195.740703 
597159463 66.871869 597159464 107.765703 
734801500 270.871869 734801520 397.496703 
742179993 136.871869 742180018 175.799703 
781794658 151.871869 781794660 69.056703 
852849177 359.871869 852849169 257.909703 
869764901 233.871869 869764900 359.960703 
883715603 408.871869 883715594 131.225703 
982803609 -0.128131 982803612 120.668703 
1073741824 -0.128131 1073741824 -0.150297 
1088459231 231.871869 1088459228 70.229703 
1188486454 230.871869 1188486463 158.204703 
1240116496 629.871869 1240116495 146.474703 
1330429935 554.871869 1330429924 212.162703 
1356103262 76.871869 1356103270 138.263703 
1744412348 156.871869 1744412349 76.094703 
2128703526 86.871869 2128703517 128.879703 
2128987966 327.871869 2128987992 192.221703 
2147483648 -0.128131 2147483648 -0.150297 
2209088006 170.871869 2209088018 114.803703 
2220410413 599.871869 2220410437 192.221703 
2362146815 187.871869 2362146805 194.567703 
2455654633 341.871869 2455654638 273.158703 
2542059384 608.871869 2542059379 220.373703 
2652032185 173.871869 2652032201 104.246703 
2691094225 200.871869 2691094231 134.744703 
2886710758 561.871869 2886710749 168.761703 
3101273695 591.871869 3101273712 174.626703 
3150424780 361.871869 3150424792 159.377703 
3221225472 -0.128131 3221225472 -0.150297 
3270514530 331.871869 3270514538 235.622703 
3362117045 490.871869 3362117051 70.229703 
3468591250 397.871869 3468591259 133.571703 
3485613114 530.871869 3485613134 186.356703 
3634572892 637.871869 3634572920 125.360703 
3977493361 243.385733 3977493348 198.689465 
3994896242 292.385733 3994896252 196.343465 
4138651767 523.385733 4138651782 151.769465 
4273089475 257.385733 4273089504 206.900465 
4279755052 90.385733 4279755060 184.613465 
4294967296 0.385733 4294967296 0.452465 
4396384192 682.385733 4396384182 111.887465 
4483695263 294.385733 4483695286 285.491465 
4556594186 568.385733 4556594179 103.676465 
4685682037 257.385733 4685682045 121.271465 
4814447454 306.385733 4814447461 218.630465 
4822570022 173.385733 4822570023 163.499465 
4870348303 496.385733 4870348310 88.427465 
4871577938 324.385733 4871577946 270.242465 
4877941033 480.385733 4877941026 142.385465 
5216097333 208.385733 5216097333 150.596465 
5228018551 490.385733 5228018559 208.073465 
5275035423 526.385733 5275035437 169.364465 
5282574352 252.385733 5282574348 164.672465 
5302346752 332.385733 5302346761 100.157465 
5368709120 0.385733 5368709120 0.452465 
5478070194 616.385733 5478070192 183.440465 
5496409210 149.385733 5496409220 3594.524465 
5562504867 157.385733 5562504870 313.643465 
5664160566 315.385733 5664160574 190.478465 
5892142331 59.385733 5892142329 136.520465 
6010994109 503.385733 6010994117 368.774465 
6149192567 462.385733 6149192571 94.292465 
6214238933 310.385733 6214238948 254.993465 
6230757193 328.385733 6230757215 134.174465 
6437809823 438.385733 6437809831 111.887465 
6442450944 0.385733 6442450944 0.452465 
6457596465 570.385733 6457596474 172.883465 
6562034582 604.385733 6562034600 84.908465 
6882849096 571.385733 6882849112 164.672465 
6909359859 656.385733 6909359863 167.018465 
7158077682 72.385733 7158077688 117.752465 
7225919179 73.385733 7225919185 135.347465 
7261192640 498.385733 7261192650 185.786465 
7423788788 71.385733 7423788803 239.744465 
7466476612 199.385733 7466476616 140.039465 
7516192768 0.385733 7516192768 0.452465 
7546654866 403.385733 7546654862 182.267465 
7637971767 493.385733 7637971792 91.946465 
7759445605 238.385733 7759445603 147.077465 
7783966342 113.385733 7783966345 169.364465 
7872492074 369.385733 7872492081 185.786465 
7916646336 390.385733 7916646346 163.499465 
7970685300 408.385733 7970685313 144.731465 
8094156800 228.385733 8094156803 238.571465 
8096326541 210.385733 8096326548 242.090465 
8100713254 566.385733 8100713260 114.233465 
8143791985 365.385733 8143791977 145.904465 
8364790498 577.385733 8364790501 597.509465 
8541666359 167.385733 8541666377 190.478465 
8589934592 0.385733 8589934592 0.452465 
8758968693 117.385733 8758968699 325.373465 
8778556224 631.385733 8778556236 116.579465 
8864329090 204.385733 8864329096 220.976465 
9023795831 358.385733 9023795840 281.972465 
9083770109 411.385733 9083770117 154.115465 
9203270561 629.385733 9203270583 169.364465 
9323554008 550.385733 9323554030 184.613465 
9447824370 95.385733 9447824382 111.887465 
9544247547 336.385733 9544247561 137.693465 
9561110495 111.385733 9561110496 95.465465 
9584050597 610.385733 9584050601 1364.651465 
9663676416 0.385733 9663676416 0.452465 
9693196305 230.385733 9693196321 150.596465 
9720439371 148.385733 9720439390 116.579465 
9918456013 542.385733 9918456041 264.377465 
9971521128 333.385733 9971521131 114.233465 
9995606900 166.385733 9995606913 81.389465 
10116997189 567.385733 10116997202 190.478465 
10299088905 331.385733 10299088910 283.145465 
10373046823 122.385733 10373046828 115.406465 
10444532992 86.385733 10444533006 300.740465 
10453393576 622.385733 10453393570 176.402465 
10537072633 567.385733 10537072641 199.862465 
10737418240 0.385733 10737418240 0.452465 
10860329988 514.385733 10860329997 186.959465 
10942188324 146.385733 10942188315 176.402465 
10957216874 282.385733 10957216879 351.179465 
10959392721 159.385733 10959392732 170.537465 
11023643656 523.385733 11023643661 86.081465 
11304273964 101.385733 11304273982 215.111465 
11347012700 658.385733 11347012698 203.381465 
11381489929 619.385733 11381489939 106.022465 
11498115096 436.385733 11498115109 82.562465 
11583819105 572.385733 11583819112 185.786465 
11626762679 173.385733 11626762686 140.039465 
11711876986 568.385733 11711877007 199.862465 
11811160064 0.385733 11811160064 0.452465 
11936955972 261.385733 11936955989 216.284465 
11998921468 184.385733 11998921469 0.452465 
12053510350 579.385733 12053510356 265.550465 
12055217460 569.385733 12055217476 189.305465 
12055688497 567.385733 12055688501 90.773465 
12181299813 605.385733 12181299825 188.132465 
12269603005 106.385733 12269603015 177.575465 
12570713081 349.385733 12570713088 136.520465 
12608371647 567.385733 12608371669 100.157465 
12712599593 446.385733 12712599600 182.267465 
12731795808 333.385733 12731795834 193.997465 
12837887928 341.385733 12837887946 104.849465 
12858098054 603.385733 12858098068 337.103465 
12884901888 0.385733 12884901888 0.452465 
12907197085 553.385733 12907197114 107.195465 
13044102143 166.385733 13044102160 108.368465 
13098767135 599.385733 13098767158 81.389465 
13112450718 549.385733 13112450712 158.807465 
13288059146 345.385733 13288059155 297.221465 
13337435654 562.385733 13337435653 228.014465 
13370785493 155.385733 13370785499 133.001465 
13544380580 560.385733 13544380590 178.748465 
13817595977 568.385733 13817595988 75.524465 
13823458566 130.385733 13823458555 198.689465 
13958643712 0.385733 13958643712 0.452465 
14063794294 547.385733 14063794286 1691.918465 
14070048865 263.385733 14070048880 189.305465 
14124120078 167.385733 14124120083 236.225465 
14135244095 531.385733 14135244101 79.043465 
14249378133 83.385733 14249378137 188.132465 
14410243262 585.385733 14410243261 339.449465 
14445739154 209.385733 14445739162 98.984465 
14645134328 357.385733 14645134355 127.136465 
14808515830 103.385733 14808515847 111.887465 
14964211954 78.385733 14964211960 192.824465 
15032385536 0.385733 15032385536 0.452465 
15097243771 636.385733 15097243777 360.563465 
15142952680 0.385733 15142952679 298.394465 
15293608326 620.385733 15293608340 151.769465 
15634284771 629.385733 15634284766 202.208465 
15657693581 576.385733 15657693570 278.453465 
15994544292 599.385733 15994544320 95.465465 
16106127360 0.385733 16106127360 0.452465 
16249461356 564.899598 16249461370 153.545228 
16261769759 632.899598 16261769769 201.638228 
16297670472 252.899598 16297670481 181.697228 
16355869218 233.899598 16355869225 131.258228 
16401107061 636.899598 16401107084 147.680228 
16549532725 209.899598 16549532738 125.393228 
16628451658 616.899598 16628451664 132.431228 
16731718003 395.899598 16731718005 174.659228 
16732303307 315.899598 16732303315 289.613228 
16735255702 131.899598 16735255701 144.161228 
16803008340 114.899598 16803008346 108.971228 
16809115138 259.899598 16809115147 229.790228 
17124877453 247.899598 17124877479 134.777228 
17179869184 -0.100402 17179869184 -0.117772 
17190875789 100.899598 17190875781 208.676228 
17363513197 518.899598 17363513187 114.836228 
17439058665 645.899598 17439058659 188.735228 
17515936326 60.899598 17515936341 348.263228 
17649909029 622.899598 17649909039 133.604228 
17767447300 586.899598 17767447297 307.208228 
17812393131 368.899598 17812393137 215.714228 
18067179055 694.899598 18067179045 153.545228 
18253611008 -0.100402 18253611008 -0.117772 
18356056159 133.899598 18356056186 104.279228 
18440129915 283.899598 18440129907 194.600228 
18508367812 545.899598 18508367804 128.912228 
18509783141 243.899598 18509783166 223.925228 
18612778751 180.899598 18612778744 152.372228 
18647358746 443.899598 18647358753 79.646228 
18904237248 110.899598 18904237250 221.579228 
19067934361 624.899598 19067934356 169.967228 
19166125497 315.899598 19166125525 128.912228 
19263988150 554.899598 19263988154 322.457228 
19293314753 156.899598 19293314755 133.604228 
19327352832 -0.100402 19327352832 -0.117772 
19630364017 403.899598 19630364040 179.351228 
19732507714 198.899598 19732507720 211.022228 
19740285675 295.899598 19740285681 331.841228 
19999925289 227.899598 19999925300 187.562228 
20002753915 -0.100402 20002753941 174.659228 
20046401586 548.899598 20046401612 148.853228 
20181115623 270.899598 20181115629 151.199228 
20303411672 509.899598 20303411672 130.085228 
20401094656 -0.100402 20401094656 -0.117772 
20420077845 524.899598 20420077845 135.950228 
20442502699 612.899598 20442502693 63.224228 
20527939509 575.899598 20527939515 139.469228 
20561386274 210.899598 20561386299 116.009228 
20745495264 190.899598 20745495272 168.794228 
21022449685 223.899598 21022449680 125.393228 
21084955833 216.899598 21084955835 83.165228 
21109294038 97.899598 21109294042 180.524228 
21292391319 119.899598 21292391337 71.435228 
21474836480 -0.100402 21474836480 -0.117772 
21503975078 371.899598 21503975086 79.646228 
21584869770 291.899598 21584869781 310.727228 
21598891274 521.899598 21598891264 207.503228 
21639397360 67.899598 21639397381 165.275228 
21653888755 288.899598 21653888761 131.258228 
21668045720 571.899598 21668045720 172.313228 
21752334416 112.899598 21752334410 286.094228 
21759881575 95.899598 21759881603 209.849228 
21769822020 150.899598 21769822016 151.199228 
21960701724 585.899598 21960701740 100.760228 
21993062355 72.899598 21993062360 138.296228 
22243041961 47.899598 22243041971 269.672228 
22336204246 67.899598 22336204249 286.094228 
22429368636 196.899598 22429368646 193.427228 
22499862037 587.899598 22499862040 134.777228 
22500052500 298.899598 22500052497 126.566228 
22501149987 320.899598 22501149995 275.537228 
22528659436 301.899598 22528659441 222.752228 
22548578304 -0.100402 22548578304 -0.117772 
22597923958 570.899598 22597923972 157.064228 
22669031201 517.899598 22669031201 277.883228 
22707057285 414.899598 22707057284 216.887228 
22882174360 260.899598 22882174368 108.971228 
22889095730 162.899598 22889095753 131.258228 
22893335404 300.899598 22893335425 151.199228 
22909788800 301.899598 22909788805 223.925228 
22913774826 207.899598 22913774814 154.718228 
23054409661 556.899598 23054409670 534.770228 
23064018065 286.899598 23064018072 221.579228 
23117271226 208.899598 23117271234 295.478228 
23152310639 382.899598 23152310661 71.435228 
23291128127 205.899598 23291128133 108.971228 
23354805281 202.899598 23354805276 125.393228 
23443371926 461.899598 23443371933 199.292228 
23489349034 509.899598 23489349038 103.106228 
23622320128 -0.100402 23622320128 -0.117772 
23712660016 578.899598 23712660037 173.486228 
24085408060 606.899598 24085408082 194.600228 
24124424297 383.899598 24124424289 234.482228 
24227626861 176.899598 24227626879 182.870228 
24291657205 138.899598 24291657215 185.216228 
24407207618 371.899598 24407207622 98.414228 
24456970025 184.899598 24456970027 166.448228 
24481987873 127.899598 24481987878 273.191228 
24610664801 566.899598 24610664827 106.625228 
24646963525 344.899598 24646963527 216.887228 
24696061952 -0.100402 24696061952 -0.117772 
24704099137 259.899598 24704099147 202.811228 
24712751499 207.899598 24712751503 153.545228 
24764611193 372.899598 24764611202 208.676228 
24805245773 418.899598 24805245798 266.153228 
24814135295 295.899598 24814135300 152.372228 
24944751424 116.899598 24944751431 167.621228 
25144614298 228.899598 25144614301 364.685228 
25386237168 532.899598 25386237193 226.271228 
25643484099 625.899598 25643484123 344.744228 
25769803776 -0.100402 25769803776 -0.117772 
25892779470 756.899598 25892779458 209.849228 
25931874762 288.899598 25931874774 150.026228 
26019795863 114.899598 26019795889 151.199228 
26024959143 122.899598 26024959170 107.798228 
26033813991 446.899598 26033813993 130.085228 
26127473422 574.899598 26127473423 126.566228 
26142937123 228.899598 26142937122 114.836228 
26267036432 642.899598 26267036420 123.047228 
26366862616 547.899598 26366862615 126.566228 
26373843108 585.899598 26373843104 196.946228 
26618185803 531.899598 26618185823 213.368228 
26635971028 321.899598 26635971030 196.946228 
26696867555 251.899598 26696867553 105.452228 
26705655488 377.899598 26705655495 254.423228 
26745635293 225.899598 26745635300 165.275228 
26748266533 207.899598 26748266545 113.663228 
26776202095 517.899598 26776202101 92.549228 
26843545600 -0.100402 26843545600 -0.117772 
26961044765 616.899598 26961044789 133.604228 
27126265882 550.899598 27126265889 182.870228 
27145468149 542.899598 27145468156 91.376228 
27275499323 545.899598 27275499321 201.638228 
27292560211 647.899598 27292560208 67.916228 
27297541825 592.899598 27297541825 133.604228 
27353767474 618.899598 27353767487 466.736228 
27514749257 387.899598 27514749261 165.275228 
27626981270 459.899598 27626981289 215.714228 
27732629415 535.899598 27732629442 106.625228 
27818009399 199.899598 27818009404 212.195228 
27871187890 79.899598 27871187903 97.241228 
27917287424 -0.100402 27917287424 -0.117772 
27961325979 37.899598 27961325989 135.950228 
28070041596 586.899598 28070041611 192.254228 
28268680757 551.899598 28268680750 97.241228 
28302321451 594.899598 28302321451 283.748228 
28343868980 417.899598 28343868983 315.419228 
28426814733 355.899598 28426814739 132.431228 
28561652163 247.899598 28561652191 140.642228 
28610206553 289.899598 28610206563 139.469228 
28627183262 543.413462 28627183263 143.590991 
28784385458 207.413462 28784385467 2599.852991 
28802943728 575.413462 28802943750 171.742991 
28938229718 125.413462 28938229720 55.615991 
28991029248 0.413462 28991029248 0.484991 
29150052310 137.413462 29150052329 203.413991 
29157137152 544.413462 29157137154 62.653991 
29328885017 101.413462 29328885024 162.358991 
29402918560 288.413462 29402918563 171.742991 
29414570826 0.413462 29414570832 294.907991 
29523705162 51.413462 29523705173 178.780991 
29551658390 658.413462 29551658394 129.514991 
29622286769 552.413462 29622286760 157.666991 
29637666276 599.413462 29637666272 90.805991 
29723056463 614.413462 29723056485 337.135991 
29811145244 529.413462 29811145244 561.178991 
29839483041 54.413462 29839483066 174.088991 
29882988082 372.413462 29882988072 145.936991 
29995268673 162.413462 29995268681 300.772991 
30048516550 218.413462 30048516557 181.126991 
30064771072 0.413462 30064771072 0.484991 
30083465010 332.413462 30083465020 94.324991 
30127180245 597.413462 30127180266 147.109991 
30345329486 1013.413462 30345329477 401.650991 
30365670692 403.413462 30365670701 177.607991 
30442724837 595.413462 30442724831 106.054991 
30446270467 704.413462 30446270477 366.460991 
30534620706 559.413462 30534620716 84.940991 
30876040009 619.413462 30876039999 167.050991 
30878850541 216.413462 30878850546 75.556991 
31045721630 504.413462 31045721646 192.856991 
31138512896 0.413462 31138512896 0.484991 
31143005071 161.413462 31143005078 204.586991 
31305533218 282.413462 31305533229 101.362991 
31312949662 104.413462 31312949672 140.071991 
31334326392 642.413462 31334326395 183.472991 
31533994691 299.413462 31533994718 300.772991 
31594725320 126.413462 31594725320 99.016991 
31635452930 656.413462 31635452925 88.459991 
31692609801 251.413462 31692609810 157.666991 
31746110782 170.413462 31746110799 158.839991 
31869101069 138.413462 31869101076 150.628991 
31909026770 0.413462 31909026783 172.915991 
32049144680 159.413462 32049144685 212.797991 
32142445054 295.413462 32142445047 142.417991 
32194080396 648.413462 32194080403 143.590991 
32206265056 385.413462 32206265067 191.683991 
32212254720 0.413462 32212254720 0.484991 
32245916369 396.413462 32245916375 86.113991 
32372863835 266.413462 32372863842 271.447991 
32586793334 221.413462 32586793341 211.624991 
32623866799 451.413462 32623866804 192.856991 
32686263180 567.413462 32686263183 375.844991 
32692338436 172.413462 32692338443 346.519991 
32937230449 256.413462 32937230461 106.054991 
32970342740 486.413462 32970342747 96.670991 
33115272586 218.413462 33115272595 279.658991 
33285996544 0.413462 33285996544 0.484991 
33486413265 116.413462 33486413264 181.126991 
33692588099 360.413462 33692588106 250.333991 
33750537884 576.413462 33750537875 1377.586991 
33822746555 645.413462 33822746577 155.320991 
34043475512 495.413462 34043475540 136.552991 
34076086513 83.413462 34076086526 120.130991 
34174583021 551.413462 34174583046 101.362991 
34225825354 304.413462 34225825362 110.746991 
34308848712 244.413462 34308848717 157.666991 
34359738368 0.413462 34359738368 0.484991 
34482266448 253.413462 34482266458 202.240991 
34518419571 569.413462 34518419593 318.367991 
34542404482 480.413462 34542404488 93.151991 
34544846809 120.413462 34544846823 124.822991 
34563077392 128.413462 34563077388 179.953991 
34663412490 627.413462 34663412492 164.704991 
34698138314 532.413462 34698138324 148.282991 
34757384055 673.413462 34757384058 293.734991 
34807066552 162.413462 34807066558 185.818991 
34988199201 137.413462 34988199201 121.303991 
35157509166 54.413462 35157509178 128.341991 
35433480192 0.413462 35433480192 0.484991 
35507244257 563.413462 35507244283 168.223991 
35565448123 146.413462 35565448151 259.717991 
35638652578 573.413462 35638652577 201.067991 
35710661110 235.413462 35710661102 160.012991 
36065220647 511.413462 36065220661 198.721991 
36086808371 556.413462 36086808362 144.763991 
36222813001 358.413462 36222812989 184.645991 
36337597646 573.413462 36337597641 149.455991 
36493017268 218.413462 36493017271 313.675991 
36507222016 0.413462 36507222016 0.484991 
36532265741 443.413462 36532265767 290.215991 
36556180881 562.413462 36556180883 201.067991 
36560269513 278.413462 36560269521 147.109991 
36617317579 170.413462 36617317587 145.936991 
36694858764 116.413462 36694858756 314.848991 
36936661397 328.413462 36936661410 208.105991 
37047907472 544.413462 37047907467 68.518991 
37066820341 147.413462 37066820347 141.244991 
37162026440 521.413462 37162026449 170.569991 
37494119898 550.413462 37494119912 179.953991 
37510930518 607.413462 37510930506 194.029991 
37580963840 0.413462 37580963840 0.484991 
37795508202 569.413462 37795508222 571.735991 
37877483639 179.413462 37877483627 226.873991 
38037408970 503.413462 38037408979 81.421991 
38114005772 358.413462 38114005776 134.206991 
38158220689 73.413462 38158220697 186.991991 
38192880592 255.413462 38192880598 313.675991 
38217968518 252.413462 38217968525 116.611991 
38300060683 602.413462 38300060680 294.907991 
38373570568 66.413462 38373570597 167.050991 
38391380345 0.413462 38391380356 255.025991 
38425293133 199.413462 38425293135 235.084991 
38431853158 181.413462 38431853186 184.645991 
38462706124 412.413462 38462706129 181.126991 
38654705664 0.413462 38654705664 0.484991 
38714408799 503.413462 38714408803 115.438991 
38989859443 52.413462 38989859456 160.012991 
38998063686 653.413462 38998063692 123.649991 
39259456379 342.413462 39259456401 226.873991 
39618695440 370.413462 39618695439 503.701991 
39661691376 312.413462 39661691399 179.953991 
39680855888 196.413462 39680855899 245.641991 
39728447488 0.413462 39728447488 0.484991 
39782310267 554.413462 39782310284 172.915991 
39841958323 145.413462 39841958328 233.911991 
39899230178 197.413462 39899230194 123.649991 
40062753639 568.413462 40062753650 143.590991 
40318089296 179.413462 40318089306 260.890991 
40366979608 126.413462 40366979604 148.282991 
40374159962 337.413462 40374159965 192.856991 
40387862719 158.413462 40387862715 181.126991 
40488528943 627.413462 40488528932 156.493991 
40498768644 252.413462 40498768652 206.932991 
40663589550 297.413462 40663589557 143.590991 
40729247005 540.413462 40729247012 120.130991 
40747523093 340.413462 40747523106 116.611991 
40802189312 0.413462 40802189312 0.484991 
40924243779 608.413462 40924243802 290.215991 
41073002892 351.413462 41073002904 216.316991 
41098298201 288.413462 41098298223 147.109991 
41115217504 574.927326 41115217497 141.847754 
41129453448 500.927326 41129453442 334.219754 
41160846693 532.927326 41160846709 287.299754 
41190801913 235.927326 41190801928 293.164754 
41589529729 236.927326 41589529742 96.100754 
41704556269 -0.072674 41704556291 184.075754 
41844816682 517.927326 41844816692 97.273754 
41865654903 299.927326 41865654911 187.594754 
41874798996 57.927326 41874799005 130.117754 
41875931136 -0.072674 41875931136 -0.085246 
42079643943 142.927326 42079643951 104.311754 
42172200365 323.927326 42172200372 284.953754 
42179934925 572.927326 42179934934 188.767754 
42229419406 81.927326 42229419409 171.172754 
42274135317 535.927326 42274135325 184.075754 
42301065380 581.927326 42301065371 155.923754 
42322460285 606.927326 42322460297 123.079754 
42339079633 436.927326 42339079628 283.780754 
42375741657 516.927326 42375741650 143.020754 
42445908951 578.927326 42445908968 213.400754 
42568284425 295.927326 42568284422 83.197754 
42819600976 220.927326 42819600980 181.729754 
42877864456 115.927326 42877864480 100.792754 
42883889536 76.927326 42883889546 148.885754 
42936235424 167.927326 42936235414 318.970754 
42949672960 -0.072674 42949672960 -0.085246 
43059178447 559.927326 43059178446 164.134754 
43114176457 285.927326 43114176463 169.999754 
43513863831 234.927326 43513863841 272.050754 
43531114501 646.927326 43531114513 168.826754 
43749046218 131.927326 43749046206 105.484754 
43751497578 568.927326 43751497565 201.670754 
43774326669 194.927326 43774326693 92.581754 
43786372664 289.927326 43786372672 218.092754 
43850626061 599.927326 43850626088 360.025754 
43881775887 446.927326 43881775915 175.864754 
43912947669 400.927326 43912947678 87.889754 
44023414784 -0.072674 44023414784 -0.085246 
44288212834 265.927326 44288212839 107.830754 
44481122465 588.927326 44481122464 184.075754 
44603639626 534.927326 44603639637 175.864754 
44833797742 533.927326 44833797731 369.409754 
44866016393 594.927326 44866016406 112.522754 
44914213252 392.927326 44914213262 206.362754 
45092158997 139.927326 45092159003 94.927754 
45097156608 -0.072674 45097156608 -0.085246 
45110324813 252.927326 45110324822 93.754754 
45134473370 195.927326 45134473380 283.780754 
45181158325 616.927326 45181158334 192.286754 
45224954560 81.927326 45224954565 220.438754 
45417747410 224.927326 45417747408 200.497754 
45448091744 155.927326 45448091745 135.982754 
45508106393 594.927326 45508106410 229.822754 
45518756870 216.927326 45518756863 205.189754 
45550013720 -0.072674 45550013710 83.197754 
45576355883 370.927326 45576355891 138.328754 
46078787674 292.927326 46078787688 157.096754 
46170898432 -0.072674 46170898432 -0.085246 
46288816732 417.927326 46288816761 193.459754 
46356063988 183.927326 46356063994 193.459754 
46408208960 604.927326 46408208954 148.885754 
46474155884 509.927326 46474155876 169.999754 
46495432209 406.927326 46495432234 125.425754 
46555449741 315.927326 46555449750 286.126754 
46672843981 255.927326 46672844000 511.342754 
46827443375 615.927326 46827443396 146.539754 
46829976576 378.927326 46829976580 -0.085246 
46834368645 208.927326 46834368652 86.716754 
46850920192 639.927326 46850920191 206.362754 
46870189613 390.927326 46870189633 381.139754 
47225222644 90.927326 47225222654 233.341754 
47244640256 -0.072674 47244640256 -0.085246 
47302633140 210.927326 47302633145 184.075754 
47450104223 531.927326 47450104211 118.387754 
47508347214 599.927326 47508347236 205.189754 
47626455450 61.927326 47626455453 347.122754 
47626770282 279.927326 47626770289 289.645754 
47801034512 178.927326 47801034523 135.982754 
47867620199 167.927326 47867620202 186.421754 
47886128859 561.927326 47886128854 116.041754 
47907288211 479.927326 47907288219 79.678754 
48213444873 645.927326 48213444889 327.181754 
48221147196 280.927326 48221147186 124.252754 
48318382080 -0.072674 48318382080 -0.085246 
48352344099 116.927326 48352344111 297.856754 
48731236728 166.927326 48731236739 143.020754 
48803754645 520.927326 48803754654 229.822754 
49013735329 424.927326 49013735336 171.172754 
49080489282 543.927326 49080489301 168.826754 
49121554283 149.927326 49121554275 418.675754 
49218562973 174.927326 49218562985 177.037754 
49285777170 93.927326 49285777161 268.531754 
49364022589 343.927326 49364022617 130.117754 
49392123904 -0.072674 49392123904 -0.085246 
49546937601 415.927326 49546937591 104.311754 
49566321819 299.927326 49566321828 168.826754 
50010581199 598.927326 50010581206 120.733754 
50064333614 354.927326 50064333605 90.235754 
50074113865 541.927326 50074113866 215.746754 
50222793218 64.927326 50222793237 123.079754 
50424515323 618.927326 50424515342 159.442754 
50465865728 -0.072674 50465865728 -0.085246 
50480811077 597.927326 50480811078 192.286754 
50569736023 528.927326 50569736022 211.054754 
50576842806 600.927326 50576842794 215.746754 
50620291974 592.927326 50620291974 145.366754 
50712235277 488.927326 50712235283 85.543754 
50719303922 78.927326 50719303915 226.303754 
50819288659 408.927326 50819288650 185.248754 
50904572819 120.927326 50904572829 135.982754 
51031149618 256.927326 51031149629 331.873754 
51102003324 624.927326 51102003334 230.995754 
51167718138 361.927326 51167718144 247.417754 
51170750798 613.927326 51170750802 113.695754 
51203367807 573.927326 51203367835 83.197754 
51327574551 258.927326 51327574573 160.615754 
51344488029 258.927326 51344488038 92.581754 
51357969022 -0.072674 51357969030 3186.955754 
51515197174 305.927326 51515197185 208.708754 
51539607552 -0.072674 51539607552 -0.085246 
51596952336 137.927326 51596952345 144.193754 
51648855511 210.927326 51648855520 126.598754 
51684622559 592.927326 51684622569 174.691754 
51788424628 606.927326 51788424642 125.425754 
51920639223 330.927326 51920639231 125.425754 
52012401170 604.927326 52012401163 135.982754 
52125966337 149.927326 52125966346 269.704754 
52171350978 660.927326 52171350978 252.109754 
52299144730 536.927326 52299144721 157.096754 
52334689625 598.927326 52334689652 180.556754 
52376982974 568.927326 52376982996 177.037754 
52613349376 -0.072674 52613349376 -0.085246 
52638760147 108.927326 52638760148 141.847754 
52662479879 174.927326 52662479873 125.425754 
52675643045 79.927326 52675643071 318.970754 
52689836702 130.927326 52689836700 80.851754 
52956611862 242.927326 52956611870 351.814754 
53002266519 561.927326 53002266545 168.826754 
53019405807 600.927326 53019405834 296.683754 
53118100529 586.927326 53118100533 111.349754 
53123755508 261.927326 53123755516 309.586754 
53285344165 429.927326 53285344175 234.514754 
53469207158 79.927326 53469207178 91.408754 
53527895949 147.927326 53527895942 164.134754 
53687091200 0.441191 53687091200 0.517517 
53727135785 171.441191 53727135791 353.590517 
53778567565 573.441191 53778567594 256.231517 
53795718413 141.441191 53795718418 300.805517 
53842624076 200.441191 53842624082 211.657517 
53879539831 626.441191 53879539830 222.214517 
53929177618 537.441191 53929177628 140.104517 
54432559755 142.441191 54432559766 197.581517 
54440627254 345.441191 54440627263 187.024517 
54494548209 77.441191 54494548201 198.754517 
54495052569 158.441191 54495052577 340.687517 
54525965943 563.441191 54525965972 231.598517 
54760833024 0.441191 54760833024 0.517517 
54921406051 159.441191 54921406060 185.851517 
55153960942 321.441191 55153960946 223.387517 
55249090395 347.441191 55249090399 175.294517 
55559080850 106.441191 55559080843 214.003517 
55574124258 60.441191 55574124245 124.855517 
55668593161 593.441191 55668593174 194.062517 
55683878987 539.441191 55683878997 224.560517 
55834574848 0.441191 55834574848 0.517517 
56141274390 534.441191 56141274380 190.543517 
56172431730 386.441191 56172431737 265.615517 
56199605912 165.441191 56199605916 197.581517 
56388523916 601.441191 56388523936 92.011517 
56457850507 36.441191 56457850514 170.602517 
56516310618 429.441191 56516310614 183.505517 
56792346859 294.441191 56792346870 242.155517 
56814922692 542.441191 56814922700 79.108517 
56908316672 0.441191 56908316672 0.517517 
56930412491 239.441191 56930412499 0.517517 
57031398017 141.441191 57031398022 187.024517 
57090013601 327.441191 57090013591 126.028517 
57162181698 331.441191 57162181704 272.653517 
57163615206 75.441191 57163615225 115.471517 
57192268505 68.441191 57192268524 113.125517 
57210535134 321.441191 57210535124 219.868517 
57215533195 115.441191 57215533197 168.256517 
57271684711 109.441191 57271684720 280.864517 
57305388220 233.441191 57305388239 115.471517 
57398663717 303.441191 57398663731 149.488517 
57434270171 570.441191 57434270198 163.564517 
57465986798 69.441191 57465986811 102.568517 
57694665591 195.441191 57694665596 276.172517 
57968792335 92.441191 57968792330 145.969517 
57982058496 0.441191 57982058496 0.517517 
58060349942 576.441191 58060349943 174.121517 
58179732903 540.441191 58179732925 96.703517 
58335959185 276.441191 58335959173 97.876517 
58436424409 349.441191 58436424416 236.290517 
58687104084 145.441191 58687104107 289.075517 
58692967088 266.441191 58692967099 206.965517 
58716697199 236.441191 58716697206 137.758517 
58742817548 288.441191 58742817556 80.281517 
58765171624 392.441191 58765171644 93.184517 
58768497989 331.441191 58768497997 249.193517 
58869107892 544.441191 58869107883 267.961517 
59042675775 71.441191 59042675786 144.796517 
59055800320 0.441191 59055800320 0.517517 
59058253232 358.441191 59058253224 195.235517 
59262983658 116.441191 59262983662 174.121517 
59372017544 181.441191 59372017552 163.564517 
59419255438 487.441191 59419255449 82.627517 
59665077440 582.441191 59665077457 396.991517 
59679958568 195.441191 59679958578 222.214517 
59694103295 331.441191 59694103298 189.370517 
60086147458 174.441191 60086147480 113.125517 
60095945618 227.441191 60095945627 121.336517 
60128741083 629.441191 60128741105 135.412517 
60129542144 0.441191 60129542144 0.517517 
60160285342 288.441191 60160285336 61.513517 
60341648961 127.441191 60341648964 209.311517 
60447564018 319.441191 60447564028 253.885517 
60491879784 422.441191 60491879777 121.336517 
60683088613 413.441191 60683088623 103.741517 
60703010798 76.441191 60703010807 110.779517 
60739418892 363.441191 60739418918 325.438517 
60787638489 189.441191 60787638496 262.096517 
61024645249 107.441191 61024645255 129.547517 
61063714078 597.441191 61063714085 129.547517 
61097087430 104.441191 61097087426 86.146517 
61132565143 603.441191 61132565145 155.353517 
61148868073 147.441191 61148868078 340.687517 
61203283968 0.441191 61203283968 0.517517 
61226462249 606.441191 61226462239 140.104517 
61228296113 92.441191 61228296104 113.125517 
61291657468 139.441191 61291657474 150.661517 
61487320456 608.441191 61487320459 110.779517 
61598699468 607.441191 61598699476 187.024517 
61878596150 545.441191 61878596168 133.066517 
61885077310 169.441191 61885077318 183.505517 
61994370950 588.441191 61994370959 129.547517 
62015897369 196.441191 62015897379 218.695517 
62021844967 559.441191 62021844983 307.843517 
62035167257 160.441191 62035167249 343.033517 
62086816962 570.441191 62086816985 185.851517 
62153437307 504.441191 62153437335 145.969517 
62169968603 279.441191 62169968614 130.720517 
62277025792 0.441191 62277025792 0.517517 
62398813387 551.441191 62398813405 192.889517 
62542547686 328.441191 62542547693 258.577517 
62595383394 632.441191 62595383413 79.108517 
62597359294 477.441191 62597359314 153.007517 
62796191200 610.441191 62796191219 177.640517 
62871228655 239.441191 62871228662 127.201517 
62892032581 601.441191 62892032584 197.581517 
63273572300 574.441191 63273572294 219.868517 
63350767616 0.441191 63350767616 0.517517 
63358831545 151.441191 63358831553 141.277517 
63460181377 540.441191 63460181376 195.235517 
63627939844 573.441191 63627939852 123.682517 
63640829796 86.441191 63640829805 126.028517 
63659122691 68.441191 63659122695 184.678517 
63814881466 273.441191 63814881474 285.556517 
63847487670 354.441191 63847487674 286.729517 
63911255580 361.441191 63911255590 170.602517 
63922481951 255.441191 63922481946 80.281517 
63961992965 558.441191 63961992983 184.678517 
64005784174 231.441191 64005784181 110.779517 
64042372501 313.441191 64042372509 179.986517 
64057731251 354.441191 64057731264 110.779517 
64098729800 586.441191 64098729811 158.872517 
64112521947 562.441191 64112521944 307.843517 
64400260826 582.441191 64400260852 548.308517 
64401417214 573.441191 64401417221 155.353517 
64424509440 0.441191 64424509440 0.517517 
64440829745 164.441191 64440829758 124.855517 
64485182549 60.441191 64485182544 223.387517 
64494106447 543.441191 64494106445 460.333517 
64735408545 270.441191 64735408572 327.784517 
64806181081 310.441191 64806181075 120.163517 
64810715376 283.441191 64810715385 279.691517 
64819008459 240.441191 64819008469 118.990517 
64860665081 260.441191 64860665086 144.796517 
64984226489 190.441191 64984226500 118.990517 
64989842929 0.441191 64989842947 262.096517 
65070121796 365.441191 65070121804 229.252517 
65076289808 276.441191 65076289820 271.480517 
65142195021 584.441191 65142195048 107.260517 
65278257809 551.441191 65278257824 122.509517 
65406872627 322.441191 65406872634 189.370517 
65414203428 490.441191 65414203439 122.509517 
65498251264 0.441191 65498251264 0.517517 
65513376809 533.441191 65513376814 39.226517 
65647343968 167.441191 65647343978 181.159517 
65721529775 189.441191 65721529791 127.201517 
65754525504 242.441191 65754525514 167.083517 
65780950580 653.441191 65780950574 115.471517 
65926490601 105.441191 65926490609 242.155517 
66092697395 110.441191 66092697397 129.547517 
66108342063 292.441191 66108342071 127.201517 
66176983853 268.955055 66176983863 89.095280 
66200789292 278.955055 66200789318 106.690280 
66335938808 500.955055 66335938832 313.138280 
66373831011 611.955055 66373831008 185.281280 
66436461276 163.955055 66436461282 179.416280 
66571993088 -0.044945 66571993088 -0.052720 
66892401053 100.955055 66892401061 363.577280 
67031033403 585.955055 67031033399 132.496280 
67057344678 577.955055 67057344683 170.032280 
67138221584 621.955055 67138221594 132.496280 
67273003339 259.955055 67273003334 110.209280 
67493057035 529.955055 67493057055 625.156280 
67645734912 -0.044945 67645734912 -0.052720 
67657482497 184.955055 67657482505 177.070280 
67709722979 212.955055 67709722994 358.885280 
68719476736 -0.044945 68719476736 -0.052720 
68738701638 604.955055 68738701666 86.749280 
68832146407 102.955055 68832146428 211.087280 
68847736419 168.955055 68847736425 140.707280 
69092796859 167.955055 69092796869 201.703280 
69107655886 571.955055 69107655883 78.538280 
69127836865 150.955055 69127836856 207.568280 
69146047613 515.955055 69146047628 202.876280 
69219216287 705.955055 69219216310 152.437280 
69292004227 372.955055 69292004232 235.720280 
69372007658 554.955055 69372007673 221.644280 
69391131220 507.955055 69391131230 72.673280 
69399211855 558.955055 69399211877 150.091280 
69553623960 557.955055 69553623960 338.944280 
69665037633 105.955055 69665037639 77.365280 
69685481338 156.955055 69685481362 123.112280 
69793218560 -0.044945 69793218560 -0.052720 
69808514408 606.955055 69808514413 184.108280 
69975896371 150.955055 69975896374 219.298280 
70268118899 122.955055 70268118906 205.222280 
70332585316 78.955055 70332585323 290.851280 
70342829252 254.955055 70342829242 143.053280 
70459648316 427.955055 70459648325 218.125280 
70509043441 274.955055 70509043462 205.222280 
70604277732 530.955055 70604277731 90.268280 
70773342065 42.955055 70773342075 248.623280 
70866960384 -0.044945 70866960384 -0.052720 
70973207406 65.955055 70973207410 154.783280 
70993581146 564.955055 70993581136 90.268280 
71044452522 123.955055 71044452510 105.517280 
71278167753 345.955055 71278167754 155.956280 
71476617920 251.955055 71476617927 146.572280 
71543567157 265.955055 71543567162 86.749280 
71803630402 78.955055 71803630412 114.901280 
71940702208 -0.044945 71940702208 -0.052720 
72043687529 216.955055 72043687523 243.931280 
72433675428 553.955055 72433675423 127.804280 
72499997104 316.955055 72499997111 162.994280 
72549781152 574.955055 72549781159 114.901280 
72651399686 323.955055 72651399695 268.564280 
72747569286 610.955055 72747569307 37.483280 
72756961801 586.955055 72756961822 79.711280 
72978916637 362.955055 72978916628 180.589280 
73014444032 -0.044945 73014444032 -0.052720 
73188204781 137.955055 73188204782 157.129280 
73188791408 177.955055 73188791417 171.205280 
73408764505 394.955055 73408764502 248.623280 
73424081733 203.955055 73424081744 460.936280 
73504891660 134.955055 73504891670 310.792280 
73539867285 186.955055 73539867297 98.479280 
73600261243 609.955055 73600261234 158.302280 
73634931918 366.955055 73634931927 133.669280 
73683236444 126.955055 73683236447 96.133280 
73807496723 151.955055 73807496733 215.779280 
74088185856 -0.044945 74088185856 -0.052720 
74107233202 439.955055 74107233222 168.859280 
74279772875 106.955055 74279772879 44.521280 
74280123250 610.955055 74280123270 280.294280 
74297622737 524.955055 74297622764 90.268280 
74523409902 573.955055 74523409900 313.138280 
74549010874 560.955055 74549010867 404.632280 
74662306830 112.955055 74662306840 231.028280 
74778049845 204.955055 74778049854 111.382280 
74862432324 571.955055 74862432314 148.918280 
74890533310 612.955055 74890533326 105.517280 
75161927680 -0.044945 75161927680 -0.052720 
75226944489 335.955055 75226944479 131.323280 
75242400623 224.955055 75242400618 211.087280 
75287296485 568.955055 75287296511 197.011280 
75351599575 547.955055 75351599595 248.623280 
75409820233 420.955055 75409820259 182.935280 
75462655850 581.955055 75462655876 300.235280 
75503318132 590.955055 75503318138 198.184280 
75565978925 353.955055 75565978941 133.669280 
75667519337 244.955055 75667519333 189.973280 
75872839647 -0.044945 75872839650 284.986280 
75909809860 229.955055 75909809869 248.623280 
76070823228 333.955055 76070823236 275.602280 
76116068715 244.955055 76116068724 118.420280 
76235669504 -0.044945 76235669504 -0.052720 
76265225050 97.955055 76265225052 189.973280 
76318099876 208.955055 76318099884 150.091280 
76389718187 194.955055 76389718191 114.901280 
76648767888 640.955055 76648767903 180.589280 
76669681671 204.955055 76669681695 188.800280 
76936885821 629.955055 76936885836 193.492280 
77191858232 -0.044945 77191858237 111.382280 
77209975867 131.955055 77209975874 100.825280 
77247533687 62.955055 77247533690 150.091280 
77284303778 74.955055 77284303786 118.420280 
77309411328 -0.044945 77309411328 -0.052720 
77357434300 96.955055 77357434317 132.496280 
77393639086 581.955055 77393639073 374.134280 
77452827468 558.955055 77452827466 72.673280 
77545831118 118.955055 77545831136 241.585280 
77598768885 306.955055 77598768892 262.699280 
77771551773 578.955055 77771551776 233.374280 
77992379172 67.955055 77992379182 571.198280 
78206626201 390.955055 78206626219 206.395280 
78368413201 561.955055 78368413204 218.125280 
78383153152 -0.044945 78383153152 -0.052720 
78450188810 277.955055 78450188816 105.517280 
78613337457 532.955055 78613337473 192.319280 
78936206758 209.468919 78936206762 128.407043 
79050887371 573.468919 79050887389 263.302043 
79104126141 340.468919 79104126161 177.673043 
79107593298 347.468919 79107593304 258.610043 
79218525923 619.468919 79218525935 321.952043 
79324000457 520.468919 79324000463 238.669043 
79411586453 605.468919 79411586464 74.449043 
79444376851 360.468919 79444376861 93.217043 
79456894976 0.468919 79456894976 0.550043 
79804654215 591.468919 79804654239 175.327043 
79863471949 273.468919 79863471962 201.133043 
79892104410 280.468919 79892104420 100.255043 
79949513625 343.468919 79949513634 267.994043 
80140125948 588.468919 80140125974 122.542043 
80142622917 553.468919 80142622913 303.184043 
80159361437 533.468919 80159361464 88.525043 
80530636800 0.468919 80530636800 0.550043 
80637405491 111.468919 80637405498 225.766043 
80741855430 597.468919 80741855441 204.652043 
80790969817 537.468919 80790969824 122.542043 
80873309104 597.468919 80873309123 115.504043 
80883541426 292.468919 80883541418 129.580043 
80895509763 421.468919 80895509770 110.812043 
80909198097 0.468919 80909198092 107.293043 
80964994426 510.468919 80964994436 188.230043 
81082101021 156.468919 81082101019 128.407043 
81175363329 89.468919 81175363318 161.251043 
81182218091 153.468919 81182218102 95.563043 
81512839103 592.468919 81512839099 153.040043 
81514257093 313.468919 81514257112 160.078043 
81518348131 111.468919 81518348135 229.285043 
81572291616 395.468919 81572291616 74.449043 
81593795377 206.468919 81593795388 176.500043 
81604378624 0.468919 81604378624 0.550043 
81621950072 495.468919 81621950065 146.002043 
81701940379 128.468919 81701940389 164.770043 
81748919921 603.468919 81748919926 156.559043 
81867914908 101.468919 81867914917 158.905043 
81996846736 602.468919 81996846759 67.411043 
82277025662 0.468919 82277025664 113.158043 
82340667127 257.468919 82340667127 306.703043 
82402490907 210.468919 82402490915 177.673043 
82460433738 216.468919 82460433744 69.757043 
82489915686 275.468919 82489915698 123.715043 
82541648361 686.468919 82541648357 128.407043 
82678120448 0.468919 82678120448 0.550043 
82928589514 508.468919 82928589503 167.116043 
83000071923 524.468919 83000071915 148.348043 
83108780937 152.468919 83108780949 170.635043 
83179582208 509.468919 83179582209 135.445043 
83206585797 414.468919 83206585806 117.850043 
83258098729 577.468919 83258098739 196.441043 
83295896674 126.468919 83295896678 204.652043 
83328538230 569.468919 83328538218 122.542043 
83360747440 97.468919 83360747445 102.601043 
83441570652 70.468919 83441570662 170.635043 
83572514764 361.468919 83572514773 106.120043 
83661545066 589.468919 83661545083 325.471043 
83708642491 544.468919 83708642515 212.863043 
83751862272 0.468919 83751862272 0.550043 
83811208354 595.468919 83811208353 156.559043 
83839959414 104.468919 83839959422 164.770043 
84209321889 626.468919 84209321880 142.483043 
84417427458 422.468919 84417427473 263.302043 
84666321047 89.468919 84666321052 333.682043 
84705098071 108.468919 84705098079 184.711043 
84784775852 292.468919 84784775861 253.918043 
84825604096 0.468919 84825604096 0.550043 
84950855278 0.468919 84950855300 128.407043 
85000040740 185.468919 85000040762 180.019043 
85295651259 421.468919 85295651267 197.614043 
85337256648 579.468919 85337256672 75.622043 
85470741248 132.468919 85470741256 113.158043 
85506707617 624.468919 85506707630 81.487043 
85627316473 101.468919 85627316479 154.213043 
85899345920 0.468919 85899345920 0.550043 
85923409343 112.468919 85923409363 68.584043 
86021545152 163.468919 86021545172 164.770043 
86034638979 590.468919 86034638989 174.154043 
86175899035 634.468919 86175899055 204.652043 
86269566327 78.468919 86269566332 340.720043 
86434126832 411.468919 86434126837 212.863043 
86727077217 570.468919 86727077233 178.846043 
86973087744 0.468919 86973087744 0.550043 
87051092846 419.468919 87051092841 141.310043 
87132166819 107.468919 87132166833 183.538043 
87317780481 97.468919 87317780487 124.888043 
87353059860 599.468919 87353059852 108.466043 
87450576809 167.468919 87450576814 140.137043 
87805981352 228.468919 87805981355 345.412043 
88046829568 0.468919 88046829568 0.550043 
88060772889 587.468919 88060772892 387.640043 
88289738856 150.468919 88289738864 455.674043 
88348612844 231.468919 88348612835 157.732043 
88433439752 58.468919 88433439758 154.213043 
88617549538 188.468919 88617549545 221.074043 
88705631113 594.468919 88705631131 157.732043 
88765581891 329.468919 88765581900 290.281043 
88943082093 291.468919 88943082120 185.884043 
88985511039 132.468919 88985511050 70.930043 
89006490888 164.468919 89006490878 170.635043 
89047910813 114.468919 89047910821 148.348043 
89104481110 75.468919 89104481100 119.023043 
89113783995 368.468919 89113784013 146.002043 
89120571392 0.468919 89120571392 0.550043 
89432458559 161.468919 89432458579 175.327043 
89437134079 0.468919 89437134073 137.791043 
89479108713 107.468919 89479108719 110.812043 
89479805119 124.468919 89479805114 202.306043 
89601628341 642.468919 89601628331 133.099043 
89638736616 623.468919 89638736618 129.580043 
89813877303 588.468919 89813877324 346.585043 
90194313216 0.468919 90194313216 0.550043 
90222715238 544.468919 90222715252 222.247043 
90268949016 535.468919 90268949038 341.893043 
90361657577 334.468919 90361657583 191.749043 
90369576994 332.468919 90369576999 276.205043 
90392997530 336.468919 90392997537 135.445043 
90562240510 598.468919 90562240522 124.888043 
91024168898 661.468919 91024168891 205.825043 
91094732940 263.468919 91094732936 148.348043 
91172446628 169.982784 91172446650 121.971805 
91242566122 261.982784 91242566112 436.335805 
91268055040 -0.017216 91268055040 -0.020195 
91320725501 -0.017216 91320725497 507.888805 
91419001443 607.982784 91419001440 126.663805 
91480263151 290.982784 91480263164 197.043805 
91583659915 383.982784 91583659925 207.600805 
91814224657 586.982784 91814224662 194.697805 
91901063374 298.982784 91901063384 180.621805 
91966867165 570.982784 91966867156 141.912805 
92113693690 213.982784 92113693702 86.781805 
92146471697 341.982784 92146471701 232.233805 
92215696156 454.982784 92215696161 151.296805 
92255119289 539.982784 92255119287 97.338805 
92288109300 630.982784 92288109307 166.545805 
92341796864 -0.017216 92341796864 -0.020195 
92398984401 167.982784 92398984398 218.157805 
92412024017 628.982784 92412024026 138.393805 
92612822855 250.982784 92612822862 208.773805 
92655371080 437.982784 92655371086 133.701805 
92744226704 141.982784 92744226718 125.490805 
92837334206 474.982784 92837334200 134.874805 
92902512919 143.982784 92902512945 87.954805 
93029976789 600.982784 93029976779 191.178805 
93048406226 587.982784 93048406251 130.182805 
93081475326 310.982784 93081475347 141.912805 
93086539070 370.982784 93086539069 369.474805 
93096311304 294.982784 93096311310 126.663805 
93239920656 208.982784 93239920664 170.064805 
93415538688 -0.017216 93415538688 -0.020195 
93486932593 195.982784 93486932601 160.680805 
93547070795 212.982784 93547070816 321.381805 
93594828745 -0.017216 93594828745 79.743805 
93797020381 115.982784 93797020372 100.857805 
93867959280 411.982784 93867959308 182.967805 
93887643666 587.982784 93887643679 126.663805 
93919654297 66.982784 93919654308 171.237805 
94150373946 284.982784 94150373954 158.334805 
94251378952 597.982784 94251378966 79.743805 
94411963641 590.982784 94411963666 127.836805 
94437823889 584.982784 94437823881 146.604805 
94446297778 272.982784 94446297807 119.625805 
94489280512 -0.017216 94489280512 -0.020195 
94508705392 538.982784 94508705410 113.760805 
94574442635 609.982784 94574442649 129.009805 
94869043195 156.982784 94869043191 161.853805 
94933229576 313.982784 94933229583 260.385805 
95048871118 591.982784 95048871107 70.359805 
95326858723 343.982784 95326858711 186.486805 
95536411609 511.982784 95536411612 281.499805 
95539693955 340.982784 95539693963 227.541805 
95540809469 522.982784 95540809475 161.853805 
95563022336 -0.017216 95563022336 -0.020195 
95597158474 73.982784 95597158482 188.832805 
95668604662 540.982784 95668604653 211.119805 
95712465046 600.982784 95712465036 317.862805 
95712794737 603.982784 95712794748 192.351805 
95716827296 119.982784 95716827294 165.372805 
96115854807 154.982784 96115854816 137.220805 
96116326106 554.982784 96116326100 160.680805 
96124645789 308.982784 96124645798 259.212805 
96141416955 180.982784 96141416961 219.330805 
96415945862 90.982784 96415945866 121.971805 
96535294228 147.982784 96535294248 94.992805 
96636764160 -0.017216 96636764160 -0.020195 
96672984963 163.982784 96672984965 153.642805 
96736237839 381.982784 96736237848 261.558805 
96914201952 131.982784 96914201961 136.047805 
96989654689 584.982784 96989654680 202.908805 
97006679066 552.982784 97006679092 170.064805 
97152986469 161.982784 97152986474 187.659805 
97247797732 120.982784 97247797745 158.334805 
97320881717 518.982784 97320881723 124.317805 
97357006381 302.982784 97357006401 188.832805 
97385470645 162.982784 97385470652 322.554805 
97408839911 574.982784 97408839928 121.971805 
97430287359 161.982784 97430287366 125.490805 
97705237661 185.982784 97705237679 134.874805 
97710505984 -0.017216 97710505984 -0.020195 
97725318849 81.982784 97725318853 138.393805 
97849204927 367.982784 97849204936 151.296805 
97852608013 278.982784 97852608004 329.592805 
98068085993 105.982784 98068085994 147.777805 
98087727905 148.982784 98087727915 308.478805 
98144165539 67.982784 98144165546 241.617805 
98147576509 161.982784 98147576514 73.878805 
98211826333 243.982784 98211826342 171.237805 
98280441077 449.982784 98280441064 198.216805 
98382190842 616.982784 98382190833 141.912805 
98387224046 118.982784 98387224063 199.389805 
98403286333 -0.017216 98403286321 87.954805 
98448363170 309.982784 98448363178 277.980805 
98605721410 643.982784 98605721434 131.355805 
98621086774 128.982784 98621086800 179.448805 
98648948287 54.982784 98648948297 167.718805 
98784247808 -0.017216 98784247808 -0.020195 
98803094414 165.982784 98803094414 255.693805 
98832801856 141.982784 98832801865 160.680805 
98844118833 155.982784 98844118838 308.478805 
98858789501 593.982784 98858789502 179.448805 
99144360301 299.982784 99144360324 98.511805 
99217650910 188.982784 99217650936 89.127805 
99256498280 279.982784 99256498282 102.030805 
99537124580 342.982784 99537124589 143.085805 
99785081263 275.982784 99785081275 174.756805 
99824461500 400.982784 99824461512 97.338805 
99849665780 254.982784 99849665788 144.258805 
99857989632 -0.017216 99857989632 -0.020195 
99872316647 221.982784 99872316655 126.663805 
99907373481 73.982784 99907373490 301.440805 
99973492354 603.982784 99973492383 150.123805 
99979626060 258.982784 99979626068 206.427805 
100007480308 603.982784 100007480305 180.621805 
100107516146 546.982784 100107516157 147.777805 
100151833583 432.982784 100151833592 136.047805 
100264028590 507.982784 100264028582 170.064805 
100356252430 170.982784 100356252440 141.912805 
100399697918 274.982784 100399697928 159.507805 
100403122157 589.982784 100403122158 97.338805 
100459845864 121.982784 100459845873 174.756805 
100463488631 607.982784 100463488622 86.781805 
100535648347 158.982784 100535648344 163.026805 
100545453157 265.982784 100545453167 232.233805 
100616432685 530.982784 100616432711 171.237805 
100620812175 342.982784 100620812163 321.381805 
100647532068 258.982784 100647532074 152.469805 
100754041034 291.982784 100754041040 154.815805 
100756168290 592.982784 100756168289 178.275805 
100804522607 542.982784 100804522633 365.955805 
100826048813 571.982784 100826048838 90.300805 
100928803768 210.982784 100928803756 316.689805 
100931731456 -0.017216 100931731456 -0.020195 
101057529595 394.982784 101057529603 -0.020195 
101102449695 326.982784 101102449713 145.431805 
101320214938 80.982784 101320214951 131.355805 
101600562571 123.982784 101600562578 165.372805 
101745916476 378.982784 101745916495 155.988805 
102002859394 610.982784 102002859382 191.178805 
102005473280 -0.017216 102005473280 -0.020195 
102038472778 351.982784 102038472778 118.452805 
102077936903 80.982784 102077936905 527.829805 
102154921977 535.982784 102154921992 175.929805 
102160951232 530.982784 102160951243 80.916805 
102348429831 575.982784 102348429832 329.592805 
102413241679 141.982784 102413241681 175.929805 
102495805131 133.982784 102495805134 279.153805 
102660044264 594.982784 102660044291 200.562805 
102695933911 220.982784 102695933927 154.815805 
103079215104 -0.017216 103079215104 -0.020195 
103083547984 573.982784 103083547971 143.085805 
103225198912 583.982784 103225198905 319.035805 
103331650921 266.982784 103331650943 109.068805 
103351678226 215.982784 103351678225 426.951805 
103390830065 626.982784 103390830064 181.794805 
103415542335 399.982784 103415542343 166.545805 
103607427570 580.982784 103607427593 106.722805 
103676626154 60.496648 103676626151 324.330568 
103909601882 153.496648 103909601902 189.435568 
103945460998 78.496648 103945461003 138.996568 
103964172989 112.496648 103964172992 119.055568 
104152956928 0.496648 104152956928 0.582568 
104306872620 1116.496648 104306872631 68.616568 
104310117000 207.496648 104310117010 171.840568 
104316966247 471.496648 104316966250 238.701568 
104498379846 345.496648 104498379855 266.853568 
104540786824 520.496648 104540786833 88.557568 
104933186647 312.496648 104933186654 156.591568 
105153984445 525.496648 105153984438 248.085568 
105226698752 0.496648 105226698752 0.582568 
105324775809 496.496648 105324775803 258.642568 
105604948468 216.496648 105604948479 157.764568 
105792014336 96.496648 105792014342 197.646568 
105909197838 188.496648 105909197847 183.570568 
105935577726 203.496648 105935577736 70.962568 
106059391523 622.496648 106059391530 66.270568 
106069657750 217.496648 106069657744 1272.114568 
106300440576 0.496648 106300440576 0.582568 
106347325096 371.496648 106347325124 173.013568 
106547389018 266.496648 106547389015 176.532568 
106675677464 623.496648 106675677461 95.595568 
106776671669 407.496648 106776671695 101.460568 
106911116297 122.496648 106911116307 303.216568 
106929213575 121.496648 106929213564 393.537568 
107098540531 412.496648 107098540527 171.840568 
107319092210 186.496648 107319092216 196.473568 
107374182400 0.496648 107374182400 0.582568 
107642354591 97.496648 107642354599 264.507568 
107660297669 582.496648 107660297691 149.553568 
107824867239 394.496648 107824867233 169.494568 
107833636599 398.496648 107833636610 176.532568 
107925767010 293.496648 107925767024 135.477568 
107982783204 572.496648 107982783212 115.536568 
108041635970 670.496648 108041635994 221.106568 
108062864744 192.496648 108062864736 148.380568 
108107216113 88.496648 108107216119 106.152568 
108205363980 94.496648 108205363989 285.621568 
108351555632 647.496648 108351555628 188.262568 
108402565626 633.496648 108402565636 113.190568 
108447924224 0.496648 108447924224 0.582568 
108463711326 391.496648 108463711335 234.009568 
108667257392 609.496648 108667257402 197.646568 
108918026882 117.496648 108918026884 96.768568 
108980018298 206.496648 108980018300 189.435568 
109036823420 372.496648 109036823428 133.131568 
109062384226 197.496648 109062384218 168.321568 
109419217058 84.496648 109419217076 282.102568 
109521666048 0.496648 109521666048 0.582568 
109666317986 109.496648 109666317989 169.494568 
109844776533 273.496648 109844776542 190.608568 
109985231246 509.496648 109985231240 171.840568 
110034860302 203.496648 110034860305 156.591568 
110133307145 376.496648 110133307146 155.418568 
110164766540 191.496648 110164766543 109.671568 
110227902132 522.496648 110227902157 208.203568 
110286158133 377.496648 110286158139 136.650568 
110307244078 205.496648 110307244075 372.423568 
110401123041 86.496648 110401123057 104.979568 
110424166295 119.496648 110424166296 93.249568 
110570625516 557.496648 110570625530 184.743568 
110595407872 0.496648 110595407872 0.582568 
110710279001 353.496648 110710279009 93.249568 
110981186817 91.496648 110981186818 113.190568 
111160095017 618.496648 111160095039 121.401568 
111174529880 216.496648 111174529886 244.566568 
111252069574 0.496648 111252069590 0.582568 
111412270196 410.496648 111412270203 169.494568 
111669149696 0.496648 111669149696 0.582568 
111930233514 280.496648 111930233526 197.646568 
112068495720 365.496648 112068495728 280.929568 
112182856077 189.496648 112182856084 115.536568 
112254932169 150.496648 112254932177 375.942568 
112398082115 261.496648 112398082123 163.629568 
112399310115 221.496648 112399310121 290.313568 
112415558745 234.496648 112415558750 181.224568 
112530472270 595.496648 112530472283 86.211568 
112535010572 81.496648 112535010575 282.102568 
112667676851 120.496648 112667676847 230.490568 
112687646184 1127.496648 112687646172 332.541568 
112742891520 0.496648 112742891520 0.582568 
112753142665 254.496648 112753142671 259.815568 
113196097965 542.496648 113196097982 265.680568 
113222258291 282.496648 113222258311 199.992568 
113238941126 370.496648 113238941114 230.490568 
113326391148 654.496648 113326391171 230.490568 
113369811871 337.496648 113369811875 205.857568 
113418103145 531.496648 113418103156 156.591568 
113446160810 582.496648 113446160813 104.979568 
113465858348 0.496648 113465858361 196.473568 
113469258643 84.496648 113469258645 171.840568 
113476824133 605.496648 113476824147 121.401568 
113624451286 414.496648 113624451297 151.899568 
113684901625 125.496648 113684901631 215.241568 
113816633344 0.496648 113816633344 0.582568 
113845752949 520.496648 113845752946 117.882568 
113881891138 171.496648 113881891146 210.549568 
113910661525 555.496648 113910661523 87.384568 
113932681821 77.496648 113932681832 184.743568 
114239290068 136.496648 114239290088 92.076568 
114361835413 532.496648 114361835436 184.743568 
114622414905 234.496648 114622414924 202.338568 
114626082025 646.496648 114626082048 262.161568 
114890375168 0.496648 114890375168 0.582568 
114946927701 442.496648 114946927723 284.448568 
115074336043 204.496648 115074336055 191.781568 
115078178732 179.496648 115078178743 150.726568 
115116730856 575.496648 115116730847 96.768568 
115145637316 175.496648 115145637326 131.958568 
115167016216 213.496648 115167016224 169.494568 
115200121947 430.496648 115200121953 205.857568 
115328928667 554.496648 115328928666 90.903568 
115329889212 535.496648 115329889234 121.401568 
115685475909 102.496648 115685475905 127.266568 
115731540667 65.496648 115731540678 194.127568 
115846006776 252.496648 115846006797 80.346568 
115963259439 560.496648 115963259467 69.789568 
115964116992 0.496648 115964116992 0.582568 
116026847617 384.496648 116026847622 90.903568 
116163305130 0.496648 116163305132 82.692568 
116245595307 313.010512 116245595319 140.772331 
116338382739 586.010512 116338382735 138.426331 
116347469917 582.010512 116347469944 116.139331 
116472521950 272.010512 116472521953 77.430331 
116480022128 543.010512 116480022153 175.962331 
116530432685 295.010512 116530432694 272.148331 
116556901037 72.010512 116556901046 96.198331 
116914335500 610.010512 116914335502 75.084331 
116960355361 361.010512 116960355369 274.494331 
116967155991 566.010512 116967156015 239.304331 
117008581667 566.010512 117008581691 124.350331 
117024644918 94.010512 117024644937 300.300331 
117037858816 0.010512 117037858816 0.012331 
117055387257 519.010512 117055387263 84.468331 
117086236794 390.010512 117086236803 141.945331 
117187050673 622.010512 117187050662 130.215331 
117224911923 112.010512 117224911931 161.886331 
117227763717 166.010512 117227763727 236.958331 
117360683870 482.010512 117360683880 148.983331 
117518298317 556.010512 117518298308 190.038331 
117526355255 573.010512 117526355277 143.118331 
117588902181 316.010512 117588902171 213.498331 
117863998449 131.010512 117863998454 0.012331 
117958451939 600.010512 117958451959 761.289331 
118061616534 191.010512 118061616542 254.553331 
118111600640 0.010512 118111600640 0.012331 
118124231890 218.010512 118124231883 319.068331 
118519409622 538.010512 118519409627 225.228331 
118547157245 290.010512 118547157258 137.253331 
118739263286 385.010512 118739263294 219.363331 
118748120891 133.010512 118748120889 95.025331 
118801468256 568.010512 118801468273 174.789331 
118803798907 496.010512 118803798905 110.274331 
118912564691 0.010512 118912564695 152.502331 
119004477106 423.010512 119004477129 96.198331 
119074910839 342.010512 119074910842 225.228331 
119185342464 0.010512 119185342464 0.012331 
119303532497 399.010512 119303532505 168.924331 
119352715359 123.010512 119352715386 370.680331 
119403647977 448.010512 119403647984 156.021331 
119441119991 89.010512 119441119995 282.705331 
119555586709 619.010512 119555586735 405.870331 
119555637370 551.010512 119555637365 404.697331 
119648179270 379.010512 119648179280 285.051331 
119764357099 248.010512 119764357100 180.654331 
119766512027 290.010512 119766512024 217.017331 
119780969506 137.010512 119780969516 185.346331 
119977838931 521.010512 119977838939 92.679331 
120259084288 0.010512 120259084288 0.012331 
120275555730 303.010512 120275555734 117.312331 
120324518741 108.010512 120324518744 172.443331 
120420507154 295.010512 120420507162 105.582331 
120575769125 117.010512 120575769125 130.215331 
120582412188 631.010512 120582412188 103.236331 
120603105902 102.010512 120603105905 106.755331 
120618985724 333.010512 120618985734 197.076331 
120738875899 565.010512 120738875906 93.852331 
120754223435 607.010512 120754223448 158.367331 
120778588942 80.010512 120778588935 111.447331 
120970342140 513.010512 120970342166 299.127331 
121015946206 475.010512 121015946216 179.481331 
121093472087 421.010512 121093472088 92.679331 
121094876629 131.010512 121094876637 122.004331 
121137742428 225.010512 121137742452 119.658331 
121166741921 537.010512 121166741920 103.236331 
121179777654 474.010512 121179777678 127.869331 
121251042251 340.010512 121251042265 261.591331 
121252790265 506.010512 121252790260 163.059331 
121332826112 0.010512 121332826112 0.012331 
121479728645 136.010512 121479728656 228.747331 
121481808821 325.010512 121481808826 111.447331 
121515888525 306.010512 121515888539 181.827331 
121598330901 630.010512 121598330892 129.042331 
121853377130 574.010512 121853377150 180.654331 
122049773724 583.010512 122049773741 102.063331 
122086222104 379.010512 122086222111 261.591331 
122352409118 556.010512 122352409134 236.958331 
122382089575 597.010512 122382089588 282.705331 
122406567936 0.010512 122406567936 0.012331 
122473477327 161.010512 122473477331 55.143331 
122517867534 526.010512 122517867530 414.081331 
122520270836 563.010512 122520270839 192.384331 
122691865726 576.010512 122691865716 183.000331 
122734411610 605.010512 122734411616 117.312331 
122741314376 598.010512 122741314373 168.924331 
122762107275 79.010512 122762107283 151.329331 
122868240522 160.010512 122868240527 212.325331 
122930615963 0.010512 122930615982 205.287331 
122990723621 177.010512 122990723629 123.177331 
123211052850 431.010512 123211052858 153.675331 
123422829427 212.010512 123422829443 113.793331 
123480309760 0.010512 123480309760 0.012331 
123493908437 510.010512 123493908447 83.295331 
123666236785 620.010512 123666236782 174.789331 
123687893610 387.010512 123687893615 233.439331 
123745471305 569.010512 123745471307 185.346331 
124036580157 363.010512 124036580165 288.570331 
124145927534 242.010512 124145927539 260.418331 
124246546601 205.010512 124246546604 252.207331 
124361016585 191.010512 124361016583 124.350331 
124365262300 420.010512 124365262301 168.924331 
124393572542 101.010512 124393572547 104.409331 
124429493120 543.010512 124429493118 253.380331 
124449120422 547.010512 124449120432 191.211331 
124496406005 166.010512 124496406016 173.616331 
124554051584 0.010512 124554051584 0.012331 
124601844518 354.010512 124601844522 281.532331 
124624015044 293.010512 124624015049 200.595331 
124734023460 179.010512 124734023466 167.751331 
124820197105 643.010512 124820197133 93.852331 
124944994982 696.010512 124944995000 100.890331 
124963300000 333.010512 124963299990 163.059331 
125204608439 599.010512 125204608461 87.987331 
125234000071 390.010512 125234000061 260.418331 
125242326151 563.010512 125242326149 130.215331 
125285397471 555.010512 125285397476 136.080331 
125571815935 312.010512 125571815951 185.346331 
125627793408 0.010512 125627793408 0.012331 
125716069203 659.010512 125716069231 313.203331 
125779724533 331.010512 125779724522 188.865331 
125934370259 222.010512 125934370256 188.865331 
125970226235 158.010512 125970226244 80.949331 
126120569575 572.010512 126120569593 205.287331 
126424082113 236.010512 126424082135 172.443331 
126552899662 404.010512 126552899660 330.798331 
126580726281 265.010512 126580726290 202.941331 
126627111012 438.010512 126627111028 173.616331 
126687957507 556.010512 126687957511 388.275331 
126701535232 0.010512 126701535232 0.012331 
126859940964 251.010512 126859940979 258.072331 
127084355599 378.010512 127084355606 199.422331 
127161173219 0.010512 127161173216 120.831331 
127311326043 256.010512 127311326051 151.329331 
127330471367 85.010512 127330471368 166.578331 
127378656262 380.010512 127378656283 53.970331 
127593728606 240.010512 127593728629 112.620331 
127683556304 643.010512 127683556303 207.633331 
127726657712 281.010512 127726657720 286.224331 
127775277056 0.010512 127775277056 0.012331 
127862301271 611.010512 127862301265 72.738331 
127871917334 627.010512 127871917321 177.135331 
127893395044 155.010512 127893395050 199.422331 
128043319089 145.010512 128043319116 116.139331 
128249346930 552.010512 128249346949 93.852331 
128407334514 599.010512 128407334525 181.827331 
128523127455 132.010512 128523127460 147.810331 
128608311459 304.010512 128608311467 224.055331 
128849018880 -0.475623 128849018880 -0.557906 
129236611773 171.524377 129236611784 160.143094 
129266464791 98.524377 129266464799 116.742094 
129384101682 177.524377 129384101692 200.025094 
129399401609 157.524377 129399401620 99.147094 
129415729679 236.524377 129415729684 127.299094 
129448494035 171.524377 129448494025 119.088094 
129561023640 145.524377 129561023645 85.071094 
129752914070 539.524377 129752914082 178.911094 
129793130639 522.524377 129793130661 1690.908094 
129862630629 124.524377 129862630640 230.523094 
129875600095 511.524377 129875600100 204.717094 
129921427678 312.524377 129921427703 180.084094 
129922760704 -0.475623 129922760704 -0.557906 
129974219889 286.524377 129974219899 88.590094 
130049011791 303.524377 130049011804 170.700094 
130063521802 691.524377 130063521809 100.320094 
130069166944 229.524377 130069166951 141.375094 
130112463196 63.524377 130112463206 135.510094 
130168712875 75.524377 130168712886 181.257094 
130274700218 342.524377 130274700227 273.924094 
130290197778 370.524377 130290197770 108.531094 
130458363572 596.524377 130458363561 122.607094 
130535243745 119.524377 130535243732 196.506094 
130601932162 169.524377 130601932171 227.004094 
130717964530 163.524377 130717964522 195.333094 
130920229081 67.524377 130920229081 181.257094 
130932768790 -0.475623 130932768800 74.514094 
130955169201 576.524377 130955169202 191.814094 
130996502528 -0.475623 130996502528 -0.557906 
131150313648 508.524377 131150313653 86.244094 
131154109148 376.524377 131154109155 140.202094 
131174317108 221.524377 131174317112 215.274094 
131257525912 550.524377 131257525903 137.856094 
131343363495 129.524377 131343363496 108.531094 
131592538378 348.524377 131592538391 126.126094 
131920165375 596.524377 131920165367 154.278094 
132025767405 530.524377 132025767415 130.818094 
132070244352 -0.475623 132070244352 -0.557906 
132081147374 197.524377 132081147380 357.207094 
132129912183 190.524377 132129912190 232.869094 
132139934817 568.524377 132139934842 272.751094 
132405793447 588.524377 132405793449 225.831094 
132574843077 271.524377 132574843088 95.628094 
132686548251 126.524377 132686548251 184.776094 
132739456593 444.524377 132739456589 147.240094 
132793928993 363.524377 132793929002 242.253094 
132852718296 55.524377 132852718298 317.325094 
132918735004 125.524377 132918735003 378.321094 
132957006405 320.524377 132957006415 123.780094 
132958122302 504.524377 132958122292 100.320094 
132996667637 78.524377 132996667645 252.810094 
133021518371 390.524377 133021518380 258.675094 
133036431932 460.524377 133036431950 224.658094 
133050966561 416.524377 133050966588 225.831094 
133143986176 -0.475623 133143986176 -0.557906 
133183774203 198.524377 133183774205 222.312094 
133220299648 363.524377 133220299673 156.624094 
133365649130 627.524377 133365649122 126.126094 
133426102303 562.524377 133426102291 398.262094 
133480562350 94.524377 133480562355 108.531094 
133648151530 615.524377 133648151555 168.354094 
133873297068 331.524377 133873297072 136.683094 
134157101396 1061.524377 134157101417 171.873094 
134158790789 93.524377 134158790812 157.797094 
135291469824 -0.475623 135291469824 -0.557906 
135407527561 248.524377 135407527565 236.388094 
135475254636 639.524377 135475254660 120.261094 
135566315778 542.524377 135566315788 195.333094 
135661484395 575.524377 135661484407 117.915094 
135767564720 387.524377 135767564724 277.443094 
135815160472 81.524377 135815160484 170.700094 
135974739065 152.524377 135974739088 427.587094 
136365211648 -0.475623 136365211648 -0.557906 
136420115972 340.524377 136420115979 171.873094 
136433691331 580.524377 136433691351 167.181094 
136467590880 317.524377 136467590887 270.405094 
136543125875 405.524377 136543125881 183.603094 
136567932385 80.524377 136567932391 157.797094 
136591250057 572.524377 136591250071 181.257094 
136897688366 62.524377 136897688372 195.333094 
137028757251 233.524377 137028757260 106.185094 
137102185985 511.524377 137102185985 167.181094 
137170946970 111.524377 137170946975 108.531094 
137242872624 446.524377 137242872613 122.607094 
137428960239 261.524377 137428960243 174.219094 
137438953472 -0.475623 137438953472 -0.557906 
137685952562 68.524377 137685952570 181.257094 
137745539725 229.524377 137745539712 230.523094 
137789686599 387.524377 137789686607 112.050094 
137923567276 184.524377 137923567281 452.220094 
138125016932 557.524377 138125016937 110.877094 
138258444186 292.524377 138258444195 313.806094 
138291096716 196.524377 138291096723 133.164094 
138512695296 -0.475623 138512695296 -0.557906 
138520131339 420.524377 138520131347 128.472094 
138562496542 587.524377 138562496548 120.261094 
138614694701 89.524377 138614694709 94.455094 
138833289200 620.524377 138833289210 105.012094 
138870699798 580.524377 138870699806 306.768094 
138882601107 566.524377 138882601117 307.941094 
139005707178 381.524377 139005707183 141.375094 
139484781320 147.524377 139484781335 69.822094 
139554942987 462.524377 139554942992 112.050094 
140660178944 -0.475623 140660178944 -0.557906 
140705978841 618.524377 140705978832 161.316094 
140727090620 48.524377 140727090643 183.603094 
140758179050 188.524377 140758179056 116.742094 
141106919208 228.524377 141106919235 102.666094 
141465107044 613.038241 141465107051 384.788857 
141610704798 569.038241 141610704808 190.070857 
141731933567 142.038241 141731933584 149.015857 
141733920768 0.038241 141733920768 0.044857 
141739886143 226.038241 141739886154 143.150857 
141851658333 570.038241 141851658328 152.534857 
141872579433 188.038241 141872579460 419.978857 
141874324063 152.038241 141874324084 146.669857 
141986578600 162.038241 141986578601 190.070857 
142017148898 342.038241 142017148895 110.306857 
142029463689 234.038241 142029463715 153.707857 
142080797224 327.038241 142080797238 112.652857 
142313439819 245.038241 142313439829 117.344857 
142315519168 301.038241 142315519177 247.547857 
142539796475 559.038241 142539796490 234.644857 
142642092529 322.038241 142642092536 253.412857 
142735606490 369.038241 142735606497 192.416857 
142807662592 0.038241 142807662592 0.044857 
142848353871 192.038241 142848353878 332.003857 
142862187432 611.038241 142862187423 89.192857 
142904316991 595.038241 142904316979 136.112857 
143155312583 561.038241 143155312590 130.247857 
143183035556 342.038241 143183035559 241.682857 
143247195689 135.038241 143247195680 226.433857 
143335450624 353.038241 143335450631 241.682857 
143367624025 555.038241 143367624043 130.247857 
143373010118 611.038241 143373010128 201.800857 
143476905746 601.038241 143476905765 206.492857 
143481861343 405.038241 143481861353 235.817857 
143585953937 598.038241 143585953952 92.711857 
143641732818 613.038241 143641732805 102.095857 
143691759808 536.038241 143691759826 80.981857 
143881404416 0.038241 143881404416 0.044857 
143955874366 255.038241 143955874375 134.939857 
144008675026 334.038241 144008675029 144.323857 
144087365168 57.038241 144087365179 116.171857 
144180397892 212.038241 144180397905 77.462857 
144191472497 0.038241 144191472510 173.648857 
144643557075 489.038241 144643557096 104.441857 
144709140562 625.038241 144709140572 113.825857 
144955146240 0.038241 144955146240 0.044857 
144960366686 622.038241 144960366703 238.163857 
144997756695 605.038241 144997756686 181.859857 
145028499062 127.038241 145028499086 254.585857 
145072709340 973.038241 145072709344 313.235857 
145209724782 215.038241 145209724810 183.032857 
145467722565 206.038241 145467722561 310.889857 
145581917283 577.038241 145581917270 131.420857 
145649281667 615.038241 145649281682 186.551857 
145790261067 217.038241 145790261077 164.264857 
145964351221 152.038241 145964351229 127.901857 
146028888064 0.038241 146028888064 0.044857 
146111720750 332.038241 146111720760 147.842857 
146393521207 243.038241 146393521198 147.842857 
146515055293 75.038241 146515055308 302.678857 
146515830127 400.038241 146515830133 150.188857 
146516151254 342.038241 146516151260 293.294857 
146596746828 207.038241 146596746832 99.749857 
146638258752 212.038241 146638258750 161.918857 
146708497948 657.038241 146708497947 159.572857 
146746805921 620.038241 146746805935 137.285857 
146806272203 135.038241 146806272200 192.416857 
146806606852 407.038241 146806606860 157.226857 
146963408660 314.038241 146963408670 166.610857 
147102629888 0.038241 147102629888 0.044857 
147141655167 583.038241 147141655155 106.787857 
147217891228 682.038241 147217891222 156.053857 
147252922657 108.038241 147252922663 197.108857 
147264869798 301.038241 147264869794 141.977857 
147303988451 90.038241 147303988462 147.842857 
147495833678 107.038241 147495833678 168.956857 
147561098107 343.038241 147561098115 181.859857 
147576167515 355.038241 147576167521 194.762857 
147577445426 349.038241 147577445414 98.576857 
147898975945 120.038241 147898975957 193.589857 
148029468114 574.038241 148029468128 213.530857 
148126999536 145.038241 148126999536 92.711857 
148128436487 82.038241 148128436490 164.264857 
148139688000 628.038241 148139688013 95.057857 
148165909566 532.038241 148165909594 152.534857 
148176371712 0.038241 148176371712 0.044857 
148209576611 442.038241 148209576613 104.441857 
148464478099 85.038241 148464478120 140.804857 
148708112415 552.038241 148708112438 144.323857 
148717700405 129.038241 148717700413 105.614857 
148771754992 149.038241 148771755003 139.631857 
148811158884 64.038241 148811158883 174.821857 
148965665731 161.038241 148965665735 117.344857 
149032390139 538.038241 149032390150 175.994857 
149058888415 440.038241 149058888432 225.260857 
149097671854 631.038241 149097671862 173.648857 
149237599978 540.038241 149237599995 166.610857 
149250113536 0.038241 149250113536 0.044857 
149283572572 100.038241 149283572578 199.454857 
149715519191 314.038241 149715519198 294.467857 
149727972537 539.038241 149727972549 109.133857 
149783704791 219.038241 149783704819 133.766857 
149910125619 171.038241 149910125642 168.956857 
149991763529 570.038241 149991763532 118.517857 
150017327933 583.038241 150017327936 183.032857 
150038856417 607.038241 150038856421 107.960857 
150067209076 533.038241 150067209098 290.948857 
150261857233 362.038241 150261857238 149.015857 
150323855360 0.038241 150323855360 0.044857 
150567951583 92.038241 150567951590 175.994857 
150655004730 592.038241 150655004732 168.956857 
150710247829 582.038241 150710247842 172.475857 
150736621047 65.038241 150736621058 110.306857 
150784521441 274.038241 150784521447 207.665857 
150804816040 617.038241 150804816052 117.344857 
150845228398 593.038241 150845228420 102.095857 
150874133978 178.038241 150874133969 180.686857 
151062294979 531.038241 151062294987 125.555857 
151068419848 310.038241 151068419858 245.201857 
151099749755 281.038241 151099749745 134.939857 
151298393112 581.038241 151298393136 143.150857 
151354858724 548.038241 151354858734 139.631857 
151397597184 0.038241 151397597184 0.044857 
151404833890 614.038241 151404833884 66.905857 
151438476797 620.038241 151438476821 192.416857 
151745247915 83.038241 151745247916 157.226857 
151762692237 506.038241 151762692254 0.044857 
151799098990 581.038241 151799098987 102.095857 
151825652037 314.038241 151825652044 129.074857 
151921062023 97.038241 151921062048 177.167857 
152009279480 521.038241 152009279488 75.116857 
152021690359 218.038241 152021690357 214.703857 
152035043705 362.038241 152035043712 139.631857 
152065860171 631.038241 152065860193 140.804857 
152251288606 180.038241 152251288615 164.264857 
152327754105 61.038241 152327754104 275.699857 
152471339008 0.038241 152471339008 0.044857 
152612838333 237.038241 152612838343 126.728857 
152618139133 332.038241 152618139138 149.015857 
152643479299 532.038241 152643479326 100.922857 
152678763844 102.038241 152678763848 185.378857 
152762864040 455.038241 152762864057 161.918857 
152852167280 90.038241 152852167293 226.433857 
152866048046 77.038241 152866048055 168.956857 
152873826182 332.038241 152873826191 92.711857 
152925422049 380.038241 152925422058 72.770857 
152951606702 163.038241 152951606707 275.699857 
153033444188 548.038241 153033444198 141.977857 
153070784696 553.038241 153070784694 188.897857 
153157039492 569.038241 153157039520 140.804857 
153242880278 182.038241 153242880290 109.133857 
153331081500 40.038241 153331081502 133.766857 
153341204498 251.038241 153341204506 248.720857 
153545080832 0.038241 153545080832 0.044857 
153701558813 460.552105 153701558832 259.880620 
153850151618 137.552105 153850151644 196.538620 
154096540147 582.552105 154096540154 128.504620 
154349278530 203.552105 154349278519 183.635620 
154412730854 217.552105 154412730857 101.525620 
154558743517 176.552105 154558743506 89.795620 
154592717392 157.552105 154592717401 194.192620 
154618822656 -0.447895 154618822656 -0.525380 
154704994702 372.552105 154704994708 140.234620 
154809783424 632.552105 154809783451 129.677620 
154829314203 125.552105 154829314209 150.791620 
154838938869 157.552105 154838938875 221.171620 
154839234298 538.552105 154839234287 159.002620 
155112589274 617.552105 155112589275 148.445620 
155147750883 310.552105 155147750893 279.821620 
155204654236 465.552105 155204654256 160.175620 
155240026396 179.552105 155240026398 98.006620 
155627856895 152.552105 155627856902 127.331620 
155692564480 -0.447895 155692564480 -0.525380 
155693490483 570.552105 155693490481 107.390620 
155729068552 47.552105 155729068546 243.458620 
155764936501 602.552105 155764936506 193.019620 
155832968719 627.552105 155832968741 197.711620 
156149872619 583.552105 156149872644 106.217620 
156256878421 176.552105 156256878411 153.137620 
156325774023 208.552105 156325774030 147.272620 
156383662187 553.552105 156383662213 188.327620 
156393463076 200.552105 156393463083 338.471620 
156465888019 141.552105 156465888009 127.331620 
156547389127 644.552105 156547389132 126.158620 
156679232502 628.552105 156679232522 153.137620 
156756601625 318.552105 156756601633 101.525620 
156766306304 -0.447895 156766306304 -0.525380 
156791757776 523.552105 156791757794 142.580620 
156931568441 115.552105 156931568468 190.673620 
156986713179 176.552105 156986713185 202.403620 
157012951808 -0.447895 157012951828 370.142620 
157019863750 621.552105 157019863756 164.867620 
157026836556 591.552105 157026836566 133.196620 
157041727070 547.552105 157041727059 346.682620 
157084018824 546.552105 157084018849 343.163620 
157114059686 591.552105 157114059688 123.812620 
157157492564 337.552105 157157492570 108.563620 
157279819775 365.552105 157279819782 258.707620 
157357779326 69.552105 157357779328 123.812620 
157372610976 52.552105 157372610985 337.298620 
157399319831 213.552105 157399319839 89.795620 
157597345766 117.552105 157597345763 101.525620 
157603992101 389.552105 157603992097 68.681620 
157713007213 -0.447895 157713007232 254.015620 
157772807811 640.552105 157772807821 113.255620 
157840048128 -0.447895 157840048128 -0.525380 
157868163431 361.552105 157868163440 284.513620 
157903617265 594.552105 157903617276 171.905620 
157912565105 153.552105 157912565120 160.175620 
158042597222 623.552105 158042597209 176.597620 
158100937276 352.552105 158100937283 268.091620 
158163398017 289.552105 158163398028 87.449620 
158187327459 643.552105 158187327469 122.639620 
158193983539 312.552105 158193983550 80.411620 
158255130453 166.552105 158255130462 219.998620 
158278492401 579.552105 158278492391 151.964620 
158295099359 621.552105 158295099356 76.892620 
158381940103 594.552105 158381940101 148.445620 
158500499853 521.552105 158500499858 320.876620 
158912717183 267.552105 158912717203 273.956620 
158913789952 -0.447895 158913789952 -0.525380 
158988100366 319.552105 158988100357 161.348620 
159162605215 544.552105 159162605236 205.922620 
159216156782 113.552105 159216156773 175.424620 
159250084105 197.552105 159250084129 130.850620 
159320500680 376.552105 159320500692 136.715620 
159367686966 382.552105 159367686975 98.006620 
159653620401 546.552105 159653620404 190.673620 
159821366360 547.552105 159821366368 174.251620 
159853705666 279.552105 159853705671 53.432620 
159906592296 594.552105 159906592324 251.669620 
159917200375 296.552105 159917200372 365.450620 
159936022165 575.552105 159936022189 89.795620 
159987531776 -0.447895 159987531776 -0.525380 
160006651924 283.552105 160006651924 231.728620 
160012404210 420.552105 160012404220 178.943620 
160085426820 109.552105 160085426831 105.044620 
160118694975 348.552105 160118694982 87.449620 
160152881857 141.552105 160152881864 940.220620 
160299543912 136.552105 160299543920 102.698620 
160319411913 552.552105 160319411938 221.171620 
160335812712 591.552105 160335812737 113.255620 
160426371193 492.552105 160426371203 98.006620 
160461535820 523.552105 160461535822 157.829620 
160586666572 382.552105 160586666579 159.002620 
160595636242 187.552105 160595636237 75.719620 
161061273600 -0.447895 161061273600 -0.525380 
161495300899 64.552105 161495300905 86.276620 
161506046719 551.552105 161506046720 288.032620 
161641599313 560.552105 161641599303 139.061620 
162112810121 100.552105 162112810119 96.833620 
162135015424 -0.447895 162135015424 -0.525380 
162280457054 599.552105 162280457074 1080.980620 
162322608527 207.552105 162322608533 150.791620 
162324934608 102.552105 162324934617 112.082620 
162574682702 150.552105 162574682697 231.728620 
162725445481 123.552105 162725445487 188.327620 
162831495544 567.552105 162831495563 237.593620 
162955638915 219.552105 162955638925 200.057620 
162980609896 359.552105 162980609906 278.648620 
163057236212 -0.447895 163057236209 229.382620 
163186735937 357.552105 163186735963 216.479620 
163208757248 -0.447895 163208757248 -0.525380 
163449816748 80.552105 163449816762 101.525620 
163765078223 504.552105 163765078230 81.584620 
163852547467 450.552105 163852547462 127.331620 
163901489607 379.552105 163901489612 134.369620 
163945529299 117.552105 163945529309 293.897620 
164011867313 616.552105 164011867312 367.796620 
164039410054 609.552105 164039410061 183.635620 
164117172402 325.552105 164117172411 171.905620 
164263452306 153.552105 164263452316 238.766620 
164282499072 -0.447895 164282499072 -0.525380 
164327049817 395.552105 164327049838 177.770620 
164389289596 118.552105 164389289597 187.154620 
164502602107 377.552105 164502602106 103.871620 
164517424695 328.552105 164517424688 284.513620 
164622362274 705.552105 164622362274 80.411620 
164637039386 232.552105 164637039389 168.386620 
164692425220 -0.447895 164692425228 123.812620 
164694674156 603.552105 164694674153 194.192620 
164696626443 494.552105 164696626443 121.466620 
164762252969 662.552105 164762252993 146.099620 
164767793607 319.552105 164767793620 116.774620 
164826603211 329.552105 164826603219 147.272620 
164883203713 553.552105 164883203716 160.175620 
165225126378 638.552105 165225126380 90.968620 
165242010292 382.552105 165242010321 103.871620 
165257497452 141.552105 165257497440 180.116620 
165356240896 -0.447895 165356240896 -0.525380 
165497079166 217.552105 165497079194 183.635620 
165751434007 89.552105 165751434007 76.892620 
165756775631 128.552105 165756775657 622.337620 
165906075562 354.552105 165906075571 82.757620 
165945606270 566.552105 165945606293 197.711620 
166097963675 242.552105 166097963683 224.690620 
166176636009 236.065970 166176636003 163.124383 
166347855119 403.065970 166347855126 133.799383 
166383996367 525.065970 166383996359 167.816383 
166429982720 0.065970 166429982720 0.077383 
166486557773 308.065970 166486557782 118.550383 
166557459529 546.065970 166557459543 109.166383 
166622034169 276.065970 166622034176 140.837383 
166684476331 590.065970 166684476326 136.145383 
166829483680 624.065970 166829483677 127.934383 
166845076268 135.065970 166845076271 146.702383 
166916005289 576.065970 166916005282 84.533383 
166972076938 367.065970 166972076948 208.871383 
167479393228 288.065970 167479393238 275.732383 
167503724544 0.065970 167503724544 0.077383 
167539772255 303.065970 167539772257 138.491383 
167614305393 587.065970 167614305397 171.335383 
167958707370 105.065970 167958707398 130.280383 
168031804155 152.065970 168031804160 184.238383 
168048528997 351.065970 168048529000 179.546383 
168173169686 285.065970 168173169691 280.424383 
168478845312 573.065970 168478845316 214.736383 
168577466368 0.065970 168577466368 0.077383 
168818152292 237.065970 168818152300 116.204383 
168843455727 125.065970 168843455733 293.327383 
168976927624 490.065970 168976927614 140.837383 
169019271752 607.065970 169019271754 171.335383 
169056174038 622.065970 169056174036 354.323383 
169062867923 110.065970 169062867932 276.905383 
169217645413 155.065970 169217645421 157.259383 
169291358964 556.065970 169291358970 107.993383 
169294415426 181.065970 169294415431 131.453383 
169407972572 584.065970 169407972574 177.200383 
169433446368 317.065970 169433446362 109.166383 
169441104923 172.065970 169441104927 219.428383 
169644393395 131.065970 169644393403 163.124383 
169651208192 0.065970 169651208192 0.077383 
169847133445 508.065970 169847133458 85.706383 
170040903110 428.065970 170040903119 193.622383 
170300728628 257.065970 170300728649 116.204383 
170387833336 56.065970 170387833339 168.989383 
170432118442 281.065970 170432118448 316.787383 
170471944698 81.065970 170471944701 137.318383 
170527998633 370.065970 170527998640 123.242383 
170548873637 251.065970 170548873646 188.930383 
170562586311 564.065970 170562586322 172.508383 
170666995380 604.065970 170666995394 144.356383 
170696251225 81.065970 170696251235 90.398383 
170724950016 0.065970 170724950016 0.077383 
170788130146 220.065970 170788130152 213.563383 
170857424187 559.065970 170857424179 159.605383 
170861595776 511.065970 170861595802 137.318383 
171042350333 554.065970 171042350321 82.187383 
171146088352 144.065970 171146088348 120.896383 
171243102941 221.065970 171243102943 747.278383 
171298352543 249.065970 171298352550 255.791383 
171366306857 106.065970 171366306864 107.993383 
171519031015 569.065970 171519031034 151.394383 
171524916258 527.065970 171524916246 122.069383 
171551239950 310.065970 171551239953 354.323383 
171613197267 618.065970 171613197262 181.892383 
171798691840 0.065970 171798691840 0.077383 
171841325074 417.065970 171841325077 116.204383 
172239762318 116.065970 172239762327 332.036383 
172265235386 708.065970 172265235374 96.263383 
172271997634 64.065970 172271997654 104.474383 
172349357646 415.065970 172349357656 312.095383 
172554060183 547.065970 172554060191 357.842383 
172566650477 627.065970 172566650499 82.187383 
172656869274 580.065970 172656869289 217.082383 
172805071457 201.065970 172805071459 221.774383 
172872433664 0.065970 172872433664 0.077383 
172896308853 512.065970 172896308841 299.192383 
172898044122 562.065970 172898044120 212.390383 
172940974711 141.065970 172940974717 181.892383 
173019584803 557.065970 173019584804 115.031383 
173025155861 309.065970 173025155867 289.808383 
173028562918 627.065970 173028562946 197.141383 
173201431178 98.065970 173201431174 178.373383 
173239545252 632.065970 173239545252 138.491383 
173280420225 359.065970 173280420220 147.875383 
173449978936 616.065970 173449978961 184.238383 
173566267227 534.065970 173566267239 191.276383 
173569930561 280.065970 173569930550 125.588383 
173704163993 146.065970 173704163999 206.525383 
173793392005 563.065970 173793392010 126.761383 
173865376029 162.065970 173865376031 170.162383 
173946175488 0.065970 173946175488 0.077383 
173977795885 605.065970 173977795877 130.280383 
174106420977 511.065970 174106421004 70.457383 
174197945893 311.065970 174197945900 173.681383 
174352633185 112.065970 174352633193 294.500383 
174380718524 507.065970 174380718531 132.626383 
174383895420 218.065970 174383895435 227.639383 
174440461609 619.065970 174440461602 310.922383 
174565710502 335.065970 174565710498 180.719383 
174659079210 111.065970 174659079213 146.702383 
174674378353 111.065970 174674378347 160.778383 
174687429060 132.065970 174687429052 170.162383 
174691229393 538.065970 174691229382 185.411383 
174818922103 528.065970 174818922119 143.183383 
174857834624 585.065970 174857834629 90.398383 
174899639464 608.065970 174899639489 126.761383 
174949174928 383.065970 174949174955 109.166383 
174956666167 120.065970 174956666175 339.074383 
175019917312 0.065970 175019917312 0.077383 
175045014129 257.065970 175045014142 324.998383 
175186463834 505.065970 175186463843 81.014383 
175247029758 573.065970 175247029769 178.373383 
175366634647 603.065970 175366634658 120.896383 
175378234353 617.065970 175378234340 115.031383 
175404292454 321.065970 175404292468 242.888383 
175569214521 210.065970 175569214528 168.989383 
175642943557 569.065970 175642943548 275.732383 
175700790423 250.065970 175700790417 302.711383 
175737307874 114.065970 175737307889 63.419383 
175780142278 636.065970 175780142307 156.086383 
175883946608 604.065970 175883946635 92.744383 
176049081195 648.065970 176049081215 120.896383 
176067657485 593.065970 176067657499 130.280383 
176069002684 567.065970 176069002712 611.210383 
176093659136 0.065970 176093659136 0.077383 
176129034807 96.065970 176129034812 192.449383 
176288586579 257.065970 176288586588 115.031383 
176308581959 261.065970 176308581966 344.939383 
176333202362 691.065970 176333202386 289.808383 
176408425318 213.065970 176408425319 242.888383 
176488568981 110.065970 176488568977 118.550383 
176493557247 102.065970 176493557248 343.766383 
176583131609 532.065970 176583131624 221.774383 
176633357809 126.065970 176633357812 208.871383 
176685818356 627.065970 176685818373 131.453383 
176768253866 64.065970 176768253888 122.069383 
176869127536 383.065970 176869127535 192.449383 
177167400960 0.065970 177167400960 0.077383 
177324480906 360.065970 177324480914 136.145383 
177346360311 107.065970 177346360318 147.875383 
177409757876 599.065970 177409757886 178.373383 
177412611454 339.065970 177412611460 71.630383 
177673723576 218.065970 177673723582 131.453383 
177769419156 372.065970 177769419162 200.660383 
177803951836 598.065970 177803951829 188.930383 
177849122820 571.065970 177849122845 187.757383 
177938210878 592.065970 177938210884 130.280383 
178071148359 244.065970 178071148358 152.567383 
178107759001 623.065970 178107759000 130.280383 
178141828293 190.065970 178141828296 283.943383 
178241142784 0.065970 178241142784 0.077383 
178436527295 55.065970 178436527299 219.428383 
178493860850 123.065970 178493860859 147.875383 
178502024597 425.065970 178502024600 106.820383 
178593917991 327.065970 178593917996 166.643383 
178599776428 492.065970 178599776454 139.664383 
178658287635 65.579834 178658287641 110.942145 
178664539198 50.579834 178664539219 177.803145 
178754829508 386.579834 178754829507 162.554145 
178797674599 156.579834 178797674593 356.099145 
178942051338 287.579834 178942051341 132.056145 
179051960606 392.579834 179051960613 96.866145 
179051978698 184.579834 179051978704 221.204145 
179094663414 394.579834 179094663405 139.094145 
179314884608 -0.420166 179314884608 -0.492855 
179328987140 212.579834 179328987147 332.639145 
179399634642 598.579834 179399634629 288.065145 
179697282017 556.579834 179697282011 96.866145 
179758863224 362.579834 179758863231 204.782145 
179830481056 627.579834 179830481069 175.457145 
179863641469 282.579834 179863641490 181.322145 
179930627944 608.579834 179930627942 132.056145 
180022506880 252.579834 180022506885 136.748145 
