176108157 157.576298 176108164 87.477997 
243436319 531.576298 243436346 180.144997 
468549863 602.576298 468549871 89.823997 
522285600 583.576298 522285612 139.089997 
532268139 582.576298 532268151 591.867997 
576297340 533.576298 576297358 212.988997 
814478696 85.576298 814478699 178.971997 
955374177 432.576298 955374167 99.207997 
1069576438 624.576298 1069576465 88.650997 
1073741824 -0.423702 1073741824 -0.497003 
1274638207 501.576298 1274638233 108.591997 
1411987622 563.576298 1411987628 258.735997 
1619914339 373.576298 1619914346 237.621997 
1622064327 499.576298 1622064349 116.802997 
1735495298 114.576298 1735495307 212.988997 
1810627178 133.576298 1810627183 197.739997 
2013055056 176.576298 2013055057 194.220997 
2033598596 231.576298 2033598608 133.224997 
2111881615 537.576298 2111881636 168.414997 
2147483648 -0.423702 2147483648 -0.497003 
2296139079 116.576298 2296139088 261.081997 
2601703157 132.576298 2601703160 285.714997 
2678076279 361.576298 2678076270 1073.970997 
2705179240 350.576298 2705179248 250.524997 
2774692641 98.576298 2774692631 87.477997 
2809740558 281.576298 2809740565 196.566997 
2839466407 217.576298 2839466418 171.933997 
2864238209 356.576298 2864238203 196.566997 
2977960090 121.576298 2977960097 1001.244997 
2999759264 632.576298 2999759287 474.567997 
3039045456 451.576298 3039045458 133.224997 
3183746660 522.576298 3183746674 134.397997 
3221225472 -0.423702 3221225472 -0.497003 
3262612057 196.576298 3262612080 177.798997 
3263040648 597.576298 3263040664 125.013997 
3392673572 331.576298 3392673576 93.342997 
3592282595 604.576298 3592282618 200.085997 
3740199610 595.576298 3740199611 133.224997 
3764554068 443.576298 3764554075 193.047997 
3849857975 417.576298 3849857982 89.823997 
4018016413 607.576298 4018016436 207.123997 
4115537880 79.576298 4115537899 385.419997 
4131115040 555.576298 4131115041 136.743997 
4135759777 298.576298 4135759788 147.300997 
4151479902 585.576298 4151479907 137.916997 
4168422259 633.576298 4168422266 136.743997 
4294967296 -0.423702 4294967296 -0.497003 
4368747082 583.576298 4368747069 278.676997 
4633069406 83.576298 4633069427 175.452997 
4661467544 531.576298 4661467562 89.823997 
4723126807 612.576298 4723126826 208.296997 
4752588160 -0.423702 4752588165 122.667997 
5010698358 523.576298 5010698374 272.811997 
5279363918 253.576298 5279363922 186.009997 
5297678559 629.576298 5297678568 1743.753997 
5368709120 -0.423702 5368709120 -0.497003 
5514704443 609.576298 5514704463 58.152997 
5849458569 789.090162 5849458559 95.118760 
5871325889 207.090162 5871325898 225.321760 
5891568254 196.090162 5891568283 157.287760 
5903690554 371.090162 5903690575 144.384760 
6033938215 557.090162 6033938209 207.726760 
6261721548 597.090162 6261721554 238.224760 
6425592779 112.090162 6425592807 235.878760 
6442450944 0.090162 6442450944 0.105760 
6501960809 579.090162 6501960826 265.203760 
6514044417 410.090162 6514044426 137.346760 
6646010988 196.090162 6646010997 103.329760 
6703301958 546.090162 6703301958 136.173760 
6819168155 618.090162 6819168180 153.768760 
6819872218 616.090162 6819872221 113.886760 
6868378299 440.090162 6868378309 85.734760 
6910447660 529.090162 6910447676 126.789760 
6978249492 629.090162 6978249514 172.536760 
7273722407 594.090162 7273722432 100.983760 
7301166853 77.090162 7301166857 235.878760 
7386677755 131.090162 7386677746 246.435760 
7498167723 264.090162 7498167745 135.000760 
7508488122 339.090162 7508488133 98.637760 
7516192768 0.090162 7516192768 0.105760 
7518626874 514.090162 7518626902 181.920760 
7565771439 565.090162 7565771465 171.363760 
7687223317 542.090162 7687223319 187.785760 
8044499958 172.090162 8044499957 113.886760 
8288516857 547.090162 8288516883 159.633760 
8589934592 0.090162 8589934592 0.105760 
9047591634 153.090162 9047591629 239.397760 
9057752941 551.090162 9057752933 172.536760 
9116566555 608.090162 9116566547 187.785760 
9130595457 330.090162 9130595462 158.460760 
9476104195 348.090162 9476104202 203.034760 
9497710767 582.090162 9497710777 170.190760 
9663676416 0.090162 9663676416 0.105760 
9685070370 0.090162 9685070375 203.034760 
9686041584 182.090162 9686041594 315.642760 
9739320666 578.090162 9739320671 156.114760 
9965346317 281.090162 9965346327 173.709760 
10088024103 402.090162 10088024110 210.072760 
10119231492 522.090162 10119231483 136.173760 
10455238955 558.090162 10455238952 145.557760 
10525892050 622.090162 10525892072 118.578760 
10565843950 559.090162 10565843953 113.886760 
10655430320 198.090162 10655430329 288.663760 
10668129291 473.090162 10668129295 76.350760 
10737418240 0.090162 10737418240 0.105760 
10864050602 619.090162 10864050629 171.363760 
10904758680 57.090162 10904758688 597.162760 
11066676062 254.090162 11066676053 742.614760 
11098369496 340.090162 11098369505 144.384760 
11102032593 417.090162 11102032601 123.270760 
11232634973 635.090162 11232634971 103.329760 
11255987920 618.090162 11255987942 179.574760 
11394330582 590.090162 11394330589 160.806760 
11395258194 529.090162 11395258200 139.692760 
11406556121 91.090162 11406556128 327.372760 
11463330329 209.090162 11463330338 129.135760 
11486864977 355.090162 11486864984 203.034760 
11604605179 59.090162 11604605169 191.304760 
11639651016 381.090162 11639651019 171.363760 
11640107054 373.090162 11640107043 164.325760 
11683445796 82.090162 11683445804 96.291760 
11703478194 123.090162 11703478201 215.937760 
11708257613 227.090162 11708257616 211.245760 
11728125550 605.090162 11728125568 194.823760 
11743386961 527.090162 11743386976 273.414760 
11799797161 367.090162 11799797171 249.954760 
11811160064 0.090162 11811160064 0.105760 
12249716664 112.090162 12249716687 136.173760 
12372562629 552.090162 12372562637 268.722760 
12452716916 189.090162 12452716921 176.055760 
12504531501 633.090162 12504531490 161.979760 
12734920454 143.090162 12734920471 106.848760 
12800340562 505.090162 12800340573 185.439760 
12884901888 0.090162 12884901888 0.105760 
12927170408 156.090162 12927170409 127.962760 
13016185384 607.090162 13016185378 127.962760 
13191717038 398.090162 13191717063 78.696760 
13198379811 582.090162 13198379824 198.342760 
13237594666 606.090162 13237594661 608.892760 
13316711099 294.090162 13316711104 302.739760 
13447078264 247.090162 13447078271 144.384760 
13517294198 232.090162 13517294197 132.654760 
13645035190 184.090162 13645035199 208.899760 
13913904492 95.090162 13913904520 249.954760 
13958643712 0.090162 13958643712 0.105760 
14067693588 197.090162 14067693594 191.304760 
14080002765 584.090162 14080002762 137.346760 
14183196164 588.090162 14183196170 96.291760 
14345605538 282.090162 14345605545 97.464760 
14349996933 556.090162 14349996938 269.895760 
14516489726 46.090162 14516489715 157.287760 
14761884206 281.090162 14761884208 136.173760 
14823076499 354.090162 14823076502 83.388760 
15032385536 0.090162 15032385536 0.105760 
15086471944 253.090162 15086471942 160.806760 
15294008819 97.090162 15294008824 259.338760 
15427063172 586.090162 15427063172 104.502760 
15509087824 418.090162 15509087813 1216.506760 
15528535536 532.090162 15528535549 160.806760 
15928085132 628.090162 15928085128 156.114760 
16030446481 581.090162 16030446473 151.422760 
16090677992 103.090162 16090678011 83.388760 
16106127360 0.090162 16106127360 0.105760 
16131682598 101.090162 16131682626 163.152760 
16165013901 602.090162 16165013922 337.929760 
16193968920 597.090162 16193968948 113.886760 
16200976754 180.090162 16200976762 149.076760 
16429828599 571.090162 16429828627 158.460760 
16489730051 149.090162 16489730062 113.886760 
16899066262 352.090162 16899066267 234.705760 
16958199407 175.090162 16958199416 326.199760 
16986718836 605.090162 16986718826 188.958760 
17072538348 0.090162 17072538358 103.329760 
17179869184 0.090162 17179869184 0.105760 
17204511925 287.090162 17204511933 159.633760 
17230661566 331.090162 17230661575 115.059760 
17586202653 628.090162 17586202649 194.823760 
17612128388 484.090162 17612128393 91.599760 
17780083424 108.604026 17780083447 268.152523 
17817567723 642.604026 17817567710 258.768523 
17955603548 581.604026 17955603535 113.316523 
17957558389 348.604026 17957558405 319.764523 
18137229807 235.604026 18137229815 114.489523 
18253611008 -0.395974 18253611008 -0.464477 
18317994712 611.604026 18317994726 425.334523 
18350142840 78.604026 18350142863 160.236523 
18473845732 -0.395974 18473845727 110.970523 
18501519027 549.604026 18501519033 237.654523 
18777271140 585.604026 18777271145 89.856523 
18838688965 573.604026 18838688987 213.021523 
19137156437 548.604026 19137156464 187.215523 
19327352832 -0.395974 19327352832 -0.464477 
19368538818 529.604026 19368538834 120.354523 
19440416798 106.604026 19440416802 108.624523 
19570561912 181.604026 19570561933 182.523523 
19721745875 342.604026 19721745881 118.008523 
19903410838 530.604026 19903410834 147.333523 
19949523899 589.604026 19949523896 60.531523 
20006023056 406.604026 20006023064 237.654523 
20194030416 595.604026 20194030413 1362.561523 
20230565632 558.604026 20230565647 157.890523 
20275444320 253.604026 20275444331 154.371523 
20364682107 414.604026 20364682130 174.312523 
20401094656 -0.395974 20401094656 -0.464477 
20444854187 547.604026 20444854175 174.312523 
20515626530 186.604026 20515626526 142.641523 
20624430472 274.604026 20624430480 186.042523 
20725395686 266.604026 20725395710 156.717523 
20786543323 276.604026 20786543311 256.422523 
21023207755 126.604026 21023207758 135.603523 
21051412593 573.604026 21051412613 189.561523 
21474836480 -0.395974 21474836480 -0.464477 
21582322474 160.604026 21582322484 231.789523 
21664651653 598.604026 21664651663 181.350523 
21718612020 593.604026 21718612035 186.042523 
22037351990 559.604026 22037351995 82.818523 
22063683945 521.604026 22063683970 167.274523 
22144793516 572.604026 22144793510 228.270523 
22206443964 283.604026 22206443975 213.021523 
22307807521 524.604026 22307807534 68.742523 
22338722165 108.604026 22338722171 255.249523 
22396953843 104.604026 22396953843 407.739523 
22481968464 72.604026 22481968490 215.367523 
22488349083 116.604026 22488349080 157.890523 
22529721036 595.604026 22529721027 156.717523 
22548578304 -0.395974 22548578304 -0.464477 
22624640758 561.604026 22624640781 381.933523 
22803305004 69.604026 22803305001 188.388523 
22833904719 559.604026 22833904737 96.894523 
23099207998 644.604026 23099207999 73.434523 
23118137014 104.604026 23118137021 173.139523 
23271879627 552.604026 23271879655 114.489523 
23351953387 266.604026 23351953406 121.527523 
23417396956 359.604026 23417396961 122.700523 
23490845383 305.604026 23490845392 153.198523 
23502343470 127.604026 23502343479 144.987523 
23546388598 267.604026 23546388602 114.489523 
23622320128 -0.395974 23622320128 -0.464477 
23711515928 592.604026 23711515919 98.067523 
23712421169 145.604026 23712421168 109.797523 
23844884859 135.604026 23844884849 109.797523 
23880915009 551.604026 23880915027 108.624523 
24016953985 108.604026 24016953984 261.114523 
24057635552 549.604026 24057635554 76.953523 
24384623206 512.604026 24384623202 166.101523 
24406825762 140.604026 24406825789 161.409523 
24479313985 393.604026 24479314013 73.434523 
24490571235 491.604026 24490571259 177.831523 
24625919547 530.604026 24625919564 639.993523 
24696061952 -0.395974 24696061952 -0.464477 
24794447558 172.604026 24794447565 126.219523 
24800971387 149.604026 24800971392 190.734523 
24824220152 588.604026 24824220165 351.435523 
24941135209 631.604026 24941135226 540.288523 
25056881716 73.604026 25056881723 52.320523 
25286879516 226.604026 25286879537 93.375523 
25646851594 224.604026 25646851603 265.806523 
25671469430 519.604026 25671469420 112.143523 
25769803776 -0.395974 25769803776 -0.464477 
26013345227 61.604026 26013345229 109.797523 
26107103307 320.604026 26107103314 152.025523 
26156421387 303.604026 26156421395 230.616523 
26160834094 162.604026 26160834100 174.312523 
26337138854 349.604026 26337138866 148.506523 
26843545600 -0.395974 26843545600 -0.464477 
27287240663 554.604026 27287240658 112.143523 
27302535045 469.604026 27302535035 196.599523 
27632852033 162.604026 27632852039 146.160523 
27917287424 -0.395974 27917287424 -0.464477 
28063035613 574.604026 28063035636 366.684523 
28143805376 106.604026 28143805374 163.755523 
28143864095 543.604026 28143864103 100.413523 
28164407866 -0.395974 28164407875 127.392523 
28538030896 636.604026 28538030894 2528.523523 
28735232610 601.604026 28735232606 130.911523 
28752171188 155.604026 28752171188 125.046523 
28804614677 386.604026 28804614677 198.945523 
28936985925 231.604026 28936985923 150.852523 
28991029248 -0.395974 28991029248 -0.464477 
29195433892 184.604026 29195433900 293.958523 
29272004094 368.604026 29272004116 103.932523 
29306433244 573.604026 29306433269 241.173523 
29430515109 274.604026 29430515135 180.177523 
29486263270 461.604026 29486263279 197.772523 
29488525101 172.604026 29488525108 298.650523 
29567464039 116.604026 29567464055 156.717523 
29672319619 565.604026 29672319628 182.523523 
29676159962 282.604026 29676159973 71.088523 
29818444658 282.604026 29818444680 222.405523 
29896582557 187.604026 29896582568 159.063523 
29927716507 265.604026 29927716519 225.924523 
29949065383 176.604026 29949065390 112.143523 
30064771072 -0.395974 30064771072 -0.464477 
30317109467 70.117891 30317109479 180.780286 
30362560481 125.117891 30362560489 211.278286 
30415938278 454.117891 30415938286 77.556286 
30458223778 546.117891 30458223805 152.628286 
30553999850 410.117891 30553999860 217.143286 
30601395600 584.117891 30601395596 775.491286 
30677873746 580.117891 30677873749 123.303286 
30681269571 164.117891 30681269579 104.535286 
30740213486 581.117891 30740213514 98.670286 
30838503286 37.117891 30838503310 111.573286 
30862127142 245.117891 30862127137 223.008286 
30869251558 359.117891 30869251566 248.814286 
30906418992 233.117891 30906419002 150.282286 
30985610013 128.117891 30985610013 605.406286 
31083419066 88.117891 31083419067 85.767286 
31138512896 0.117891 31138512896 0.138286 
31190188101 528.117891 31190188109 84.594286 
31207248136 293.117891 31207248156 165.531286 
31501811608 614.117891 31501811596 133.860286 
31598946190 312.117891 31598946194 227.700286 
31611822953 194.117891 31611822962 92.805286 
31691092224 578.117891 31691092225 92.805286 
32002468635 125.117891 32002468641 169.050286 
32044889870 560.117891 32044889879 158.493286 
32073632841 282.117891 32073632848 130.341286 
32176245900 233.117891 32176245915 220.662286 
32212254720 0.117891 32212254720 0.138286 
32464447036 580.117891 32464447061 92.805286 
32567369105 637.117891 32567369124 186.645286 
32630439873 567.117891 32630439868 170.223286 
32649581371 122.117891 32649581388 130.341286 
32890990707 81.117891 32890990707 160.839286 
33121882749 551.117891 33121882767 108.054286 
33203468493 287.117891 33203468498 275.793286 
33269627272 201.117891 33269627266 185.472286 
33285996544 0.117891 33285996544 0.138286 
33420645755 94.117891 33420645760 184.299286 
33683201927 345.117891 33683201933 181.953286 
33873625116 616.117891 33873625127 111.573286 
33988021823 164.117891 33988021826 171.396286 
34023629184 483.117891 34023629193 113.919286 
34166390089 295.117891 34166390099 138.552286 
34179222287 195.117891 34179222293 137.379286 
34359738368 0.117891 34359738368 0.138286 
34436591270 286.117891 34436591261 133.860286 
34446195966 158.117891 34446195971 160.839286 
34454656695 60.117891 34454656711 178.434286 
34508238367 305.117891 34508238378 171.396286 
34520246007 349.117891 34520245995 220.662286 
34527893739 86.117891 34527893727 174.915286 
34735820194 617.117891 34735820189 144.417286 
34880435921 395.117891 34880435936 254.679286 
35193944155 179.117891 35193944163 135.033286 
35319939222 541.117891 35319939227 123.303286 
35360802598 588.117891 35360802599 98.670286 
35411358391 553.117891 35411358402 147.936286 
35433480192 0.117891 35433480192 0.138286 
35700934118 296.117891 35700934128 260.544286 
35711200677 146.117891 35711200701 166.704286 
35726868042 181.117891 35726868047 197.202286 
35747734038 319.117891 35747734041 249.987286 
35791065212 562.117891 35791065234 112.746286 
35791795031 443.117891 35791795050 78.729286 
35818194915 620.117891 35818194908 116.265286 
36053593968 64.117891 36053593976 273.447286 
36195144551 120.117891 36195144544 178.434286 
36202991575 481.117891 36202991595 110.400286 
36408258909 562.117891 36408258926 145.590286 
36507222016 0.117891 36507222016 0.138286 
36619148304 236.117891 36619148313 151.455286 
36671843064 548.117891 36671843052 232.392286 
36844843338 646.117891 36844843367 136.206286 
37006122240 284.117891 37006122249 91.632286 
37158852773 102.117891 37158852777 281.658286 
37330836683 238.117891 37330836688 86.940286 
37429446455 199.117891 37429446464 116.265286 
37479995757 364.117891 37479995763 113.919286 
37538207114 0.117891 37538207102 361.422286 
37580963840 0.117891 37580963840 0.138286 
37610575344 599.117891 37610575348 180.780286 
37615186531 186.117891 37615186556 176.088286 
37748713467 288.117891 37748713476 158.493286 
37786871116 263.117891 37786871122 150.282286 
37907994934 340.117891 37907994938 162.012286 
37996018986 302.117891 37996018994 281.658286 
38336269988 67.117891 38336269976 66.999286 
38504730235 70.117891 38504730225 108.054286 
38534284530 347.117891 38534284556 213.624286 
38600360546 328.117891 38600360552 223.008286 
38654705664 0.117891 38654705664 0.138286 
38672864451 561.117891 38672864470 1092.201286 
38832073572 84.117891 38832073569 132.687286 
38965294692 574.117891 38965294703 101.016286 
39018695539 567.117891 39018695561 123.303286 
39022357112 326.117891 39022357118 292.215286 
39107284532 148.117891 39107284543 234.738286 
39110833348 568.117891 39110833337 233.565286 
39343837220 565.117891 39343837211 113.919286 
39418022115 231.117891 39418022108 99.843286 
39489578733 121.117891 39489578733 142.071286 
39496673457 125.117891 39496673466 282.831286 
39557756944 394.117891 39557756968 138.552286 
39706813813 149.117891 39706813820 214.797286 
39710341803 204.117891 39710341795 170.223286 
39728447488 0.117891 39728447488 0.138286 
40244771048 127.117891 40244771050 97.497286 
40360855700 202.117891 40360855729 84.594286 
40528166428 385.117891 40528166433 78.729286 
40536369470 601.117891 40536369486 135.033286 
40541485417 340.117891 40541485423 158.493286 
40570523784 573.117891 40570523808 92.805286 
40625933980 132.117891 40625933975 172.569286 
40802189312 0.117891 40802189312 0.138286 
40882982558 614.117891 40882982552 226.527286 
40926328587 501.117891 40926328590 79.902286 
41071962811 555.117891 41071962805 191.337286 
41359717780 0.117891 41359717802 174.915286 
41432208470 194.117891 41432208476 92.805286 
41860155353 585.117891 41860155377 287.523286 
41875931136 0.117891 41875931136 0.138286 
41885457606 529.117891 41885457597 120.957286 
41896149254 130.117891 41896149260 143.244286 
41937922745 206.117891 41937922759 117.438286 
42016697097 613.117891 42016697091 124.476286 
42324561920 437.117891 42324561933 505.701286 
42338226067 98.117891 42338226079 298.080286 
42417468186 534.117891 42417468194 285.177286 
42689418312 586.117891 42689418319 167.877286 
42949672960 -0.368245 42949672960 -0.431952 
42984434333 604.631755 42984434334 190.767048 
43609625562 80.631755 43609625566 95.754048 
43758893074 420.631755 43758893086 148.539048 
43761649999 133.631755 43761650005 296.337048 
44012184383 609.631755 44012184400 305.721048 
44023414784 -0.368245 44023414784 -0.431952 
44462730689 648.631755 44462730709 102.792048 
44529180077 288.631755 44529180081 114.522048 
44563668525 535.631755 44563668547 211.881048 
44589029942 414.631755 44589029950 252.936048 
44645293055 214.631755 44645293061 216.573048 
44798418998 249.631755 44798419007 113.349048 
44906596934 539.631755 44906596936 142.674048 
44961622920 157.631755 44961622942 69.948048 
44966096088 579.631755 44966096095 53.526048 
45097156608 -0.368245 45097156608 -0.431952 
45218715062 147.631755 45218715073 319.797048 
45221223154 638.631755 45221223167 305.721048 
45286464148 594.631755 45286464159 241.206048 
45315589193 471.631755 45315589199 149.712048 
45448312882 177.631755 45448312879 204.843048 
45510318746 112.631755 45510318752 203.670048 
45524123869 239.631755 45524123878 152.058048 
45542088759 466.631755 45542088778 137.982048 
45596925945 271.631755 45596925954 75.813048 
45681610518 159.631755 45681610524 214.227048 
45962276210 606.631755 45962276215 643.545048 
45967885306 463.631755 45967885331 161.442048 
46151805328 116.631755 46151805340 177.864048 
46170898432 -0.368245 46170898432 -0.431952 
46190223696 140.631755 46190223700 240.033048 
46198236607 155.631755 46198236603 386.658048 
46262169694 542.631755 46262169692 245.898048 
46275740571 222.631755 46275740578 284.607048 
46322156412 351.631755 46322156419 254.109048 
46355607808 394.631755 46355607812 218.919048 
46613691153 300.631755 46613691160 190.767048 
46638188928 322.631755 46638188935 179.037048 
46748865995 580.631755 46748866005 168.480048 
46833919955 190.631755 46833919983 115.695048 
47126432163 295.631755 47126432153 141.501048 
47194291924 264.631755 47194291929 181.383048 
47236898805 379.631755 47236898815 109.830048 
47244640256 -0.368245 47244640256 -0.431952 
47281964702 51.631755 47281964710 186.075048 
47402380737 182.631755 47402380738 362.025048 
47658684166 399.631755 47658684184 116.868048 
47739102622 107.631755 47739102614 181.383048 
47746702539 594.631755 47746702543 108.657048 
48318382080 -0.368245 48318382080 -0.431952 
48350292592 591.631755 48350292614 240.033048 
48491533110 614.631755 48491533127 171.999048 
48494450398 109.631755 48494450426 128.598048 
48726004466 107.631755 48726004465 116.868048 
48819164708 -0.368245 48819164732 230.649048 
48842267956 277.631755 48842267964 169.653048 
48996702207 377.631755 48996702216 252.936048 
49178173600 324.631755 49178173608 107.484048 
49213719470 329.631755 49213719467 69.948048 
49242823388 515.631755 49242823400 275.223048 
49355559880 157.631755 49355559882 204.843048 
49392123904 -0.368245 49392123904 -0.431952 
49400388689 356.631755 49400388694 195.459048 
49423006357 -0.368245 49423006364 170.826048 
49624109699 546.631755 49624109695 133.290048 
49948209957 -0.368245 49948209955 191.940048 
49998762532 667.631755 49998762540 122.733048 
50180433139 568.631755 50180433147 153.231048 
50245997660 177.631755 50245997652 84.024048 
50384494498 597.631755 50384494499 186.075048 
50465865728 -0.368245 50465865728 -0.431952 
50589784008 61.631755 50589784016 204.843048 
50614012412 445.631755 50614012417 240.033048 
50801793794 105.631755 50801793785 240.033048 
50951458164 464.631755 50951458176 103.965048 
51137291916 153.631755 51137291929 80.505048 
51180607704 591.631755 51180607710 303.375048 
51201566535 598.631755 51201566525 171.999048 
51292441191 524.631755 51292441191 112.176048 
51452137573 445.631755 51452137581 238.860048 
51539607552 -0.368245 51539607552 -0.431952 
51739881422 80.631755 51739881439 99.273048 
51827485671 483.631755 51827485666 210.708048 
51876944865 283.631755 51876944855 184.902048 
52115892554 543.631755 52115892554 147.366048 
52218005033 557.631755 52218005028 190.767048 
52232329389 197.631755 52232329392 89.889048 
52292508898 502.631755 52292508907 87.543048 
52477377985 560.631755 52477378009 177.864048 
52536456463 597.631755 52536456477 99.273048 
52613349376 -0.368245 52613349376 -0.431952 
52740085352 157.631755 52740085360 206.016048 
52863739079 74.631755 52863739070 93.408048 
53426081029 382.631755 53426081037 252.936048 
53460605225 336.631755 53460605245 147.366048 
53590743311 689.631755 53590743311 201.324048 
53612184108 534.631755 53612184126 155.577048 
53687091200 -0.368245 53687091200 -0.431952 
53868905824 384.631755 53868905829 168.480048 
53893609402 82.631755 53893609400 703.368048 
53945493816 607.631755 53945493845 153.231048 
54015075988 94.631755 54015075996 195.459048 
54016135757 518.631755 54016135781 176.691048 
54021492433 493.631755 54021492443 92.235048 
54132343253 135.631755 54132343262 310.413048 
54183077040 502.631755 54183077055 201.324048 
54348434998 108.631755 54348434995 170.826048 
54447009106 576.631755 54447009115 125.079048 
54499896154 352.631755 54499896160 115.695048 
54540761452 330.631755 54540761453 101.619048 
54610503106 605.631755 54610503116 134.463048 
54685239644 652.631755 54685239666 127.425048 
54760833024 -0.368245 54760833024 -0.431952 
54967897326 253.631755 54967897330 95.754048 
55135702015 644.145619 55135702025 135.065811 
55158951342 611.145619 55158951361 204.272811 
55174605363 225.145619 55174605373 144.449811 
55303320903 168.145619 55303320893 157.352811 
55345571669 335.145619 55345571660 552.653811 
55409258745 339.145619 55409258753 124.508811 
55467089426 140.145619 55467089437 81.107811 
55512348411 142.145619 55512348419 143.276811 
55584003804 381.145619 55584003811 145.622811 
55742239222 614.145619 55742239220 223.040811 
55764582955 124.145619 55764582984 68.204811 
55834574848 0.145619 55834574848 0.170811 
56031817422 185.145619 56031817431 95.183811 
56047632740 653.145619 56047632755 216.002811 
56210450613 313.145619 56210450620 205.445811 
56329722161 299.145619 56329722173 113.951811 
56875668207 632.145619 56875668196 85.799811 
56908316672 0.145619 56908316672 0.170811 
56949373039 594.145619 56949373039 173.774811 
57189535957 150.145619 57189535960 181.985811 
57351948442 425.145619 57351948450 131.546811 
57498848827 239.145619 57498848846 86.972811 
57569485608 547.145619 57569485628 176.120811 
57619411115 629.145619 57619411140 251.192811 
57670643675 139.145619 57670643699 98.702811 
57730348401 569.145619 57730348396 146.795811 
57786497920 627.145619 57786497932 104.567811 
57787667978 631.145619 57787667967 146.795811 
57982058496 0.145619 57982058496 0.170811 
58255812912 294.145619 58255812922 130.373811 
58256427595 107.145619 58256427601 165.563811 
58328900943 570.145619 58328900967 116.297811 
58354308877 70.145619 58354308897 90.491811 
58378841455 278.145619 58378841459 166.736811 
58459212080 169.145619 58459212089 204.272811 
58501070787 554.145619 58501070803 54.128811 
58515890137 462.145619 58515890141 84.626811 
58550732716 74.145619 58550732720 136.238811 
58606988954 550.145619 58606988960 84.626811 
58718810254 503.145619 58718810254 211.310811 
58944540158 110.145619 58944540146 128.027811 
59007457864 0.145619 59007457868 142.103811 
59055800320 0.145619 59055800320 0.170811 
59069553228 135.145619 59069553229 150.314811 
59088206544 612.145619 59088206531 391.952811 
59167377392 296.145619 59167377402 267.614811 
59311538505 253.145619 59311538510 185.504811 
59407806553 579.145619 59407806552 144.449811 
59644348615 282.145619 59644348620 119.816811 
59684377345 601.145619 59684377372 207.791811 
59779157245 113.145619 59779157256 71.723811 
59864404309 627.145619 59864404326 124.508811 
59928959905 657.145619 59928959915 131.546811 
60036450895 612.145619 60036450911 155.006811 
60092237484 589.145619 60092237476 203.099811 
60129542144 0.145619 60129542144 0.170811 
60150830475 167.145619 60150830481 138.584811 
60155660398 73.145619 60155660406 200.753811 
60423838558 567.145619 60423838560 192.542811 
60683298100 427.145619 60683298092 138.584811 
60705596982 320.145619 60705596989 201.926811 
60983656812 141.145619 60983656816 240.635811 
61079329094 90.145619 61079329114 41.225811 
61162342970 160.145619 61162342979 156.179811 
61167289065 389.145619 61167289070 199.580811 
61193478002 378.145619 61193478007 265.268811 
61203283968 0.145619 61203283968 0.170811 
61205931287 563.145619 61205931279 98.702811 
61258750180 564.145619 61258750201 138.584811 
61509957800 381.145619 61509957824 79.934811 
61539791374 522.145619 61539791383 82.280811 
61978563236 652.145619 61978563239 388.433811 
61999281921 296.145619 61999281927 213.656811 
62014036183 86.145619 62014036175 98.702811 
62044205797 105.145619 62044205793 82.280811 
62206084071 0.145619 62206084080 164.390811 
62277025792 0.145619 62277025792 0.170811 
62375467266 139.145619 62375467272 159.698811 
62403234379 532.145619 62403234367 164.390811 
62476090974 250.145619 62476090963 159.698811 
62491654414 228.145619 62491654422 128.027811 
62519732518 568.145619 62519732529 400.163811 
62913265842 582.145619 62913265855 164.390811 
62950769529 614.145619 62950769524 149.141811 
62957835724 588.145619 62957835746 138.584811 
62963005347 341.145619 62963005354 201.926811 
63056607196 594.145619 63056607213 145.622811 
63129702062 613.145619 63129702051 314.534811 
63198948941 505.145619 63198948948 122.162811 
63233336304 613.145619 63233336315 233.597811 
63267224377 583.145619 63267224395 81.107811 
63292961837 266.145619 63292961845 218.348811 
63319506876 566.145619 63319506886 151.487811 
63350767616 0.145619 63350767616 0.170811 
63531612641 392.145619 63531612630 132.719811 
63581459623 325.145619 63581459647 183.158811 
63711610637 423.145619 63711610644 177.293811 
63832949983 520.145619 63832950005 88.145811 
64189337172 280.145619 64189337180 174.947811 
64218157405 315.145619 64218157415 152.660811 
64288805131 411.145619 64288805138 280.517811 
64384746462 160.145619 64384746466 250.019811 
64418247648 88.145619 64418247647 299.285811 
64424509440 0.145619 64424509440 0.170811 
64460695637 661.145619 64460695643 184.331811 
64502772971 0.145619 64502772980 128.027811 
64537893096 152.145619 64537893111 88.145811 
64803483481 167.145619 64803483490 163.217811 
64930089911 578.145619 64930089938 203.099811 
64932253042 398.145619 64932253068 71.723811 
65002686413 572.145619 65002686409 82.280811 
65121011208 567.145619 65121011228 136.238811 
65258467809 192.145619 65258467818 131.546811 
65441144472 63.145619 65441144472 312.188811 
65490909760 157.145619 65490909771 149.141811 
65498251264 0.145619 65498251264 0.170811 
65580873768 488.145619 65580873756 142.103811 
65594113392 516.145619 65594113398 86.972811 
65742216610 571.145619 65742216623 196.061811 
65792367264 557.145619 65792367280 189.023811 
65792523838 593.145619 65792523860 334.475811 
65854135538 308.145619 65854135528 198.407811 
65884481641 491.145619 65884481653 81.107811 
66108974375 371.145619 66108974385 125.681811 
66247114776 279.145619 66247114768 131.546811 
66366281020 255.145619 66366281041 138.584811 
66522531396 296.145619 66522531404 133.892811 
66571993088 0.145619 66571993088 0.170811 
66815294009 533.145619 66815294010 246.500811 
66829273252 339.145619 66829273256 266.441811 
66965465756 541.145619 66965465758 187.850811 
67308349784 534.145619 67308349793 150.314811 
67348070311 612.145619 67348070322 302.804811 
67452521922 105.145619 67452521926 136.238811 
67462950999 228.145619 67462951006 251.192811 
67499197399 565.145619 67499197389 97.529811 
67645734912 -0.340516 67645734912 -0.399426 
67731101381 364.659484 67731101374 82.883574 
67900459687 645.659484 67900459700 614.252574 
67917699485 620.659484 67917699501 116.900574 
67945731654 341.659484 67945731663 146.225574 
68012022284 537.659484 68012022313 78.191574 
68094562537 394.659484 68094562545 194.318574 
68131736298 377.659484 68131736306 278.774574 
68232416702 317.659484 68232416709 123.938574 
68244115257 133.659484 68244115279 173.204574 
68280142759 253.659484 68280142770 179.069574 
68293664002 458.659484 68293664019 -0.399426 
68304703225 643.659484 68304703215 202.529574 
68392690589 285.659484 68392690596 121.592574 
68418661765 211.659484 68418661782 130.976574 
68513551381 270.659484 68513551388 101.651574 
68551047114 317.659484 68551047120 182.588574 
68719476736 -0.340516 68719476736 -0.399426 
68849319378 259.659484 68849319386 126.284574 
69012187019 62.659484 69012187045 138.014574 
69117208230 134.659484 69117208218 248.276574 
69156914811 556.659484 69156914832 150.917574 
69279952055 654.659484 69279952065 96.959574 
69355828629 584.659484 69355828623 269.390574 
69560748721 213.659484 69560748729 236.546574 
69793218560 -0.340516 69793218560 -0.399426 
70148433650 601.659484 70148433642 190.799574 
70250524735 580.659484 70250524758 145.052574 
70391799171 608.659484 70391799159 139.187574 
70395875847 63.659484 70395875849 64.115574 
70416377220 200.659484 70416377223 154.436574 
70450774027 577.659484 70450774033 265.871574 
70578239500 178.659484 70578239507 189.626574 
70587961983 577.659484 70587961984 146.225574 
70631809564 268.659484 70631809571 140.360574 
70711924412 606.659484 70711924433 123.938574 
70866960384 -0.340516 70866960384 -0.399426 
71024254057 316.659484 71024254064 153.263574 
71116388508 526.659484 71116388509 121.592574 
71161962394 289.659484 71161962418 228.335574 
71231226703 454.659484 71231226712 647.096574 
71320880518 229.659484 71320880529 101.651574 
71440563661 136.659484 71440563674 166.166574 
71575850912 258.659484 71575850918 289.331574 
71926294170 598.659484 71926294174 146.225574 
71940702208 -0.340516 71940702208 -0.399426 
71995936661 231.659484 71995936672 336.251574 
72043212861 602.659484 72043212881 96.959574 
72158954119 543.659484 72158954137 260.006574 
72404557894 398.659484 72404557902 122.765574 
72448409721 50.659484 72448409727 157.955574 
72587858144 180.659484 72587858147 214.259574 
73014444032 -0.340516 73014444032 -0.399426 
73020256535 70.659484 73020256546 218.951574 
73151587814 585.659484 73151587807 221.297574 
73167083464 212.659484 73167083476 187.280574 
73357966390 583.659484 73357966415 247.103574 
73387394017 449.659484 73387394030 135.668574 
73460191052 211.659484 73460191044 108.689574 
73694257641 279.659484 73694257661 207.221574 
73736067497 1133.659484 73736067524 118.073574 
73788934265 220.659484 73788934273 127.457574 
73843314847 294.659484 73843314850 132.149574 
74088185856 -0.340516 74088185856 -0.399426 
74095648530 216.659484 74095648540 3577.250574 
74179481346 506.659484 74179481357 116.900574 
74214263088 -0.340516 74214263097 201.356574 
74358530309 578.659484 74358530308 96.959574 
74506936214 123.659484 74506936219 446.513574 
74524407392 575.659484 74524407387 255.314574 
74551090984 251.659484 74551090979 160.301574 
74631928820 648.659484 74631928812 445.340574 
74638262139 571.659484 74638262166 166.166574 
74897633998 329.659484 74897634006 210.740574 
74911363987 607.659484 74911363977 186.107574 
74950271459 286.659484 74950271466 142.706574 
75111399429 83.659484 75111399430 168.512574 
75161927680 -0.340516 75161927680 -0.399426 
75305640089 322.659484 75305640086 167.339574 
75448883661 546.659484 75448883670 270.563574 
75549367210 401.659484 75549367219 220.124574 
75825047402 572.659484 75825047392 101.651574 
75867814803 238.659484 75867814820 134.495574 
75946863940 515.659484 75946863927 74.672574 
76094192328 619.659484 76094192345 159.128574 
76099409984 199.659484 76099410008 235.373574 
76108015279 291.659484 76108015289 177.896574 
76216809099 282.659484 76216809104 140.360574 
76228721988 377.659484 76228721982 255.314574 
76235669504 -0.340516 76235669504 -0.399426 
76307348738 395.659484 76307348746 119.246574 
76502518246 638.659484 76502518272 95.786574 
76563815994 119.659484 76563816006 195.491574 
76860464593 120.659484 76860464602 349.154574 
76880632717 192.659484 76880632727 202.529574 
77118566020 510.659484 77118566041 238.892574 
77132705480 305.659484 77132705490 168.512574 
77163382404 590.659484 77163382419 105.170574 
77260880336 403.659484 77260880334 173.204574 
77309411328 -0.340516 77309411328 -0.399426 
77623367752 563.659484 77623367755 189.626574 
77947570788 83.659484 77947570802 295.196574 
78131130811 86.659484 78131130821 128.630574 
78139819655 607.659484 78139819654 183.761574 
78276889080 203.659484 78276889105 174.377574 
78383153152 -0.340516 78383153152 -0.399426 
78473014475 41.659484 78473014489 203.702574 
78540166251 132.659484 78540166263 88.748574 
78578416054 369.659484 78578416062 258.833574 
78892680116 570.659484 78892680117 74.672574 
78912843476 591.659484 78912843503 224.816574 
79019491573 561.659484 79019491581 111.035574 
79042126099 293.659484 79042126106 188.453574 
79294289386 573.659484 79294289380 202.529574 
79456894976 -0.340516 79456894976 -0.399426 
79672032476 548.659484 79672032479 352.673574 
79864173121 115.659484 79864173128 169.685574 
79870168747 568.659484 79870168768 155.609574 
79899737805 240.659484 79899737799 148.571574 
79930213740 577.659484 79930213752 138.014574 
79932638628 208.659484 79932638615 440.648574 
80177151076 384.659484 80177151085 240.065574 
80421183299 543.173348 80421183302 304.010337 
80468260448 599.173348 80468260449 381.428337 
80530636800 0.173348 80530636800 0.203337 
80563133145 569.173348 80563133158 212.516337 
80629198883 117.173348 80629198888 465.884337 
80721542299 508.173348 80721542311 90.524337 
80729389042 61.173348 80729389047 82.313337 
80851435516 104.173348 80851435535 155.039337 
80918158305 376.173348 80918158310 237.149337 
80974812815 585.173348 80974812808 131.579337 
81048131834 162.173348 81048131841 177.326337 
81114879968 583.173348 81114879957 170.288337 
81196243295 390.173348 81196243304 117.503337 
81221168550 510.173348 81221168569 129.233337 
81241423226 313.173348 81241423217 128.060337 
81376176592 622.173348 81376176599 143.309337 
81415103448 182.173348 81415103458 111.638337 
81491660740 524.173348 81491660733 194.921337 
81528372819 190.173348 81528372824 323.951337 
81563591642 657.173348 81563591667 186.710337 
81597343038 643.173348 81597343031 167.942337 
81604378624 0.173348 81604378624 0.203337 
81657611578 140.173348 81657611575 253.571337 
81697980523 303.173348 81697980537 121.022337 
81873852569 298.173348 81873852581 137.444337 
81905386301 604.173348 81905386325 214.862337 
82132297624 271.173348 82132297634 92.870337 
82273855052 598.173348 82273855061 1098.131337 
82307456230 124.173348 82307456233 230.111337 
82365205619 597.173348 82365205606 189.056337 
82376281771 582.173348 82376281773 207.824337 
82390620724 337.173348 82390620722 109.292337 
82678120448 0.173348 82678120448 0.203337 
82809132451 547.173348 82809132438 223.073337 
82836519669 253.173348 82836519694 102.254337 
82837332282 303.173348 82837332292 145.655337 
82838889703 101.173348 82838889707 128.060337 
82861076596 382.173348 82861076618 135.098337 
82917295027 432.173348 82917295033 220.727337 
83169646158 203.173348 83169646168 155.039337 
83379700579 150.173348 83379700595 220.727337 
83445417790 201.173348 83445417778 149.174337 
83452373599 349.173348 83452373606 158.558337 
83469548741 335.173348 83469548749 148.001337 
83528707480 137.173348 83528707471 156.212337 
83634607410 590.173348 83634607403 173.807337 
83657695610 130.173348 83657695609 160.904337 
83672084847 584.173348 83672084870 123.368337 
83751862272 0.173348 83751862272 0.203337 
84055652135 90.173348 84055652138 308.702337 
84091448651 396.173348 84091448640 152.693337 
84214645173 595.173348 84214645181 372.044337 
84296225430 587.173348 84296225422 323.951337 
84316035403 135.173348 84316035413 204.305337 
84322607601 101.173348 84322607600 198.440337 
84340759659 360.173348 84340759672 208.997337 
84388328933 235.173348 84388328941 165.596337 
84531899918 237.173348 84531899924 214.862337 
84825604096 0.173348 84825604096 0.203337 
84948485174 127.173348 84948485173 150.347337 
85004729198 539.173348 85004729226 159.731337 
85021437067 544.173348 85021437088 94.043337 
85140269644 224.173348 85140269647 237.149337 
85173399771 146.173348 85173399785 116.330337 
85356958086 594.173348 85356958104 170.288337 
85429881040 589.173348 85429881029 96.389337 
85660306990 623.173348 85660307002 234.803337 
85899345920 0.173348 85899345920 0.203337 
86157322699 126.173348 86157322720 164.423337 
86203515293 621.173348 86203515294 115.157337 
86210292749 644.173348 86210292758 197.267337 
86387747829 412.173348 86387747840 118.676337 
86604758660 519.173348 86604758661 217.208337 
86761605412 559.173348 86761605438 176.153337 
86882312548 41.173348 86882312566 65.891337 
86973087744 0.173348 86973087744 0.203337 
87009816683 155.173348 87009816688 281.723337 
87078982020 66.173348 87078982032 272.339337 
87122618299 301.173348 87122618305 220.727337 
87281700041 676.173348 87281700036 183.191337 
87527898428 324.173348 87527898435 131.579337 
87812327340 340.173348 87812327347 240.668337 
87917037467 646.173348 87917037483 77.621337 
88046829568 0.173348 88046829568 0.203337 
88315011823 110.173348 88315011819 69.410337 
88318485776 362.173348 88318485789 116.330337 
88419596885 579.173348 88419596891 150.347337 
88598617941 390.173348 88598617948 110.465337 
88676056447 269.173348 88676056452 156.212337 
89075762715 576.173348 89075762725 186.710337 
89120571392 0.173348 89120571392 0.203337 
89353571772 180.173348 89353571764 123.368337 
89469921410 402.173348 89469921429 131.579337 
89515725259 567.173348 89515725270 125.714337 
89562258994 546.173348 89562259020 174.980337 
89614704403 104.173348 89614704414 187.883337 
89708409600 220.173348 89708409613 284.069337 
89849640909 0.173348 89849640907 219.554337 
89965588191 580.173348 89965588197 139.790337 
89972177751 158.173348 89972177759 152.693337 
89973109284 259.173348 89973109292 90.524337 
90006171777 509.173348 90006171788 196.094337 
90014147104 578.173348 90014147094 293.453337 
90031086602 602.173348 90031086601 130.406337 
90194313216 0.173348 90194313216 0.203337 
90276194587 624.173348 90276194606 201.959337 
90352446142 494.173348 90352446139 197.267337 
90383673530 179.173348 90383673545 197.267337 
90511069106 557.173348 90511069096 144.482337 
90554584163 76.173348 90554584165 185.537337 
90621000936 129.173348 90621000941 145.655337 
90641803674 350.173348 90641803681 247.706337 
90662526678 436.173348 90662526702 165.596337 
90681764500 505.173348 90681764502 167.942337 
90815316085 605.173348 90815316082 137.444337 
90864377245 573.173348 90864377234 176.153337 
91085696381 0.173348 91085696378 194.921337 
91105387323 269.173348 91105387332 217.208337 
91178096552 0.173348 91178096571 95.216337 
91197958018 538.173348 91197958032 299.318337 
91268055040 0.173348 91268055040 0.203337 
91463639706 231.173348 91463639718 136.271337 
91586600698 533.173348 91586600725 172.634337 
91599207377 569.173348 91599207394 124.541337 
91631671456 213.173348 91631671484 163.250337 
91686393450 63.173348 91686393441 98.735337 
91779936143 629.173348 91779936147 111.638337 
91856211124 655.173348 91856211144 279.377337 
92054407663 66.173348 92054407678 187.883337 
92109043795 57.173348 92109043791 126.887337 
92341796864 0.173348 92341796864 0.203337 
92507570407 421.173348 92507570412 0.203337 
92589579157 290.173348 92589579159 184.364337 
92821082188 119.687212 92821082197 131.009100 
92821673784 665.687212 92821673777 248.309100 
92902342556 412.687212 92902342549 145.085100 
93348630538 150.687212 93348630543 296.402100 
93415538688 -0.312788 93415538688 -0.366900 
93497047138 611.687212 93497047138 109.895100 
93529715333 255.687212 93529715335 183.794100 
93620309942 563.687212 93620309940 154.469100 
93654190201 311.687212 93654190211 288.191100 
93730326620 621.687212 93730326613 59.456100 
93809828239 205.687212 93809828226 173.237100 
93899219912 606.687212 93899219930 64.148100 
93903621041 562.687212 93903621046 82.916100 
93993951004 68.687212 93993951021 207.254100 
94083955491 535.687212 94083955487 174.410100 
94090020432 229.687212 94090020440 126.317100 
94124098596 169.687212 94124098596 156.815100 
94167242946 277.687212 94167242957 306.959100 
94270346091 588.687212 94270346082 91.127100 
94308279070 60.687212 94308279080 129.836100 
94310381878 351.687212 94310381888 190.832100 
94335423475 96.687212 94335423481 82.916100 
94355170002 491.687212 94355169990 139.220100 
94444688645 190.687212 94444688652 292.883100 
94489280512 -0.312788 94489280512 -0.366900 
94691647775 435.687212 94691647789 145.085100 
94726077130 98.687212 94726077123 197.870100 
94823871218 640.687212 94823871213 125.144100 
94824254840 560.687212 94824254839 197.870100 
94847068850 75.687212 94847068838 378.512100 
94901351879 562.687212 94901351888 197.870100 
94952430397 602.687212 94952430422 134.528100 
95006092546 467.687212 95006092554 109.895100 
95080273800 396.687212 95080273798 91.127100 
95212002324 634.687212 95212002316 101.684100 
95291361833 360.687212 95291361840 73.532100 
95384167162 342.687212 95384167171 224.849100 
95396911278 444.687212 95396911286 180.275100 
95491147546 564.687212 95491147543 174.410100 
95563022336 -0.312788 95563022336 -0.366900 
95579720923 603.687212 95579720917 152.123100 
95592517262 311.687212 95592517267 265.904100 
95639588650 289.687212 95639588656 142.739100 
95738914364 102.687212 95738914371 75.878100 
95756777511 259.687212 95756777535 133.355100 
95779664422 400.687212 95779664447 165.026100 
95782038595 571.687212 95782038620 163.853100 
95904284824 439.687212 95904284849 438.335100 
95908215511 566.687212 95908215536 182.621100 
96051621773 398.687212 96051621763 197.870100 
96133396024 152.687212 96133396033 317.516100 
96509883346 345.687212 96509883361 650.648100 
96631440018 493.687212 96631440011 168.545100 
96636764160 -0.312788 96636764160 -0.366900 
96874487442 131.687212 96874487471 228.368100 
96961085777 205.687212 96961085789 204.908100 
96967317300 582.687212 96967317296 192.005100 
97138205225 180.687212 97138205215 270.596100 
97145113324 177.687212 97145113334 229.541100 
97161429760 138.687212 97161429762 177.929100 
97214405072 538.687212 97214405068 165.026100 
97411978199 578.687212 97411978203 105.203100 
97660209868 230.687212 97660209884 71.186100 
97710505984 -0.312788 97710505984 -0.366900 
97924958682 373.687212 97924958695 134.528100 
97986449346 571.687212 97986449348 120.452100 
98091733085 586.687212 98091733106 150.950100 
98368012598 339.687212 98368012604 256.520100 
98486347716 371.687212 98486347723 242.444100 
98554690695 202.687212 98554690702 304.613100 
98676671272 115.687212 98676671275 201.389100 
98774244009 488.687212 98774244014 156.815100 
98784247808 -0.312788 98784247808 -0.366900 
98810253979 475.687212 98810253977 106.376100 
98837188677 239.687212 98837188670 155.642100 
98886023256 344.687212 98886023283 100.511100 
99147804167 384.687212 99147804178 241.271100 
99174616446 551.687212 99174616439 106.376100 
99185358862 660.687212 99185358852 152.123100 
99203429670 352.687212 99203429677 235.406100 
99208302742 148.687212 99208302736 318.689100 
99223764782 489.687212 99223764810 122.798100 
99276754402 72.687212 99276754406 233.060100 
99313656675 603.687212 99313656679 193.178100 
99422060140 468.687212 99422060149 119.279100 
99485334204 245.687212 99485334210 275.288100 
99523423252 144.687212 99523423274 156.815100 
99630906934 372.687212 99630906940 201.389100 
99704572546 538.687212 99704572544 89.954100 
99857989632 -0.312788 99857989632 -0.366900 
99978158357 549.687212 99978158358 126.317100 
100060258277 592.687212 100060258266 177.929100 
100243457034 297.687212 100243457040 74.705100 
100260151489 134.687212 100260151477 129.836100 
100341976726 140.687212 100341976734 190.832100 
100392803390 194.687212 100392803396 57.110100 
100428716140 610.687212 100428716146 172.064100 
100483690499 302.687212 100483690489 95.819100 
100582887661 527.687212 100582887677 271.769100 
100613512704 317.687212 100613512722 168.545100 
100630680186 426.687212 100630680180 384.377100 
100640680772 544.687212 100640680783 294.056100 
100790089172 472.687212 100790089169 136.874100 
100859546043 628.687212 100859546033 224.849100 
100931731456 -0.312788 100931731456 -0.366900 
100984785276 207.687212 100984785305 161.507100 
101013042117 147.687212 101013042125 175.583100 
101331504532 397.687212 101331504537 197.870100 
101346117043 83.687212 101346117054 147.431100 
101488496409 122.687212 101488496422 231.887100 
101931781828 592.687212 101931781823 120.452100 
101953389910 572.687212 101953389918 156.815100 
102005473280 -0.312788 102005473280 -0.366900 
102356505046 353.687212 102356505053 243.617100 
102587104315 164.687212 102587104336 177.929100 
102601192385 65.687212 102601192394 195.524100 
103079215104 -0.312788 103079215104 -0.366900 
103092510439 189.687212 103092510446 86.435100 
103125329027 61.687212 103125329040 156.815100 
103137209066 87.687212 103137209070 184.967100 
103251848704 82.687212 103251848733 207.254100 
103346428458 649.687212 103346428470 98.165100 
103487941535 92.687212 103487941535 139.220100 
103541074316 181.687212 103541074322 119.279100 
103662729910 290.687212 103662729929 230.714100 
103811002848 -0.312788 103811002856 218.984100 
103867790135 92.687212 103867790146 153.296100 
103913965257 317.687212 103913965251 135.701100 
103915890277 104.687212 103915890282 157.988100 
104018549430 289.687212 104018549428 207.254100 
104027387629 164.687212 104027387650 123.971100 
104152956928 -0.312788 104152956928 -0.366900 
104296501585 252.687212 104296501589 154.469100 
104367317678 -0.312788 104367317698 196.697100 
104531434869 416.687212 104531434890 243.617100 
104577038361 560.687212 104577038351 111.068100 
104748081752 170.687212 104748081761 312.824100 
104787695466 267.687212 104787695483 146.258100 
104797208068 565.687212 104797208079 180.275100 
104967058702 573.687212 104967058692 155.642100 
105008023656 564.687212 105008023647 161.507100 
105085490620 523.687212 105085490625 75.878100 
105198001518 111.687212 105198001515 122.798100 
105226255944 260.201077 105226255936 148.033863 
105226698752 0.201077 105226698752 0.235863 
105337307324 390.201077 105337307334 268.852863 
105379011354 132.201077 105379011361 136.303863 
105657847066 219.201077 105657847079 137.476863 
105671077776 81.201077 105671077798 149.206863 
105894519398 52.201077 105894519413 216.067863 
105928423345 150.201077 105928423366 160.936863 
105940613392 621.201077 105940613398 183.223863 
106036025186 273.201077 106036025205 112.843863 
106152275767 298.201077 106152275775 275.890863 
106300440576 0.201077 106300440576 0.235863 
106454440250 282.201077 106454440273 272.371863 
106510733484 336.201077 106510733493 308.734863 
106579956890 111.201077 106579956902 146.860863 
106638213059 106.201077 106638213064 116.362863 
106700794903 571.201077 106700794898 355.654863 
106776352643 196.201077 106776352657 160.936863 
107002439152 181.201077 107002439141 131.611863 
107374182400 0.201077 107374182400 0.235863 
107605017865 261.201077 107605017889 227.797863 
107610696142 375.201077 107610696166 151.552863 
107862539787 120.201077 107862539779 138.649863 
107919698975 162.201077 107919698985 151.552863 
108031803289 620.201077 108031803316 128.092863 
108086898502 244.201077 108086898509 131.611863 
108090835576 426.201077 108090835589 126.919863 
108387924370 579.201077 108387924396 118.708863 
108447924224 0.201077 108447924224 0.235863 
108458651747 590.201077 108458651769 108.151863 
108482563826 607.201077 108482563840 194.953863 
108644002967 364.201077 108644002975 216.067863 
108747746333 416.201077 108747746340 149.206863 
108863284847 198.201077 108863284835 116.362863 
108869504186 220.201077 108869504192 259.468863 
109114662955 189.201077 109114662965 105.805863 
109132372811 158.201077 109132372836 85.864863 
109329910096 588.201077 109329910122 273.544863 
109354514676 398.201077 109354514686 142.168863 
109473763480 362.201077 109473763490 253.603863 
109521666048 0.201077 109521666048 0.235863 
109562191481 551.201077 109562191493 180.877863 
109824252394 405.201077 109824252408 131.611863 
109842204096 158.201077 109842204101 293.485863 
109877789133 589.201077 109877789142 79.999863 
110125892622 586.201077 110125892640 125.746863 
110219740215 360.201077 110219740222 239.527863 
110228946551 347.201077 110228946556 484.684863 
110240852586 184.201077 110240852591 194.953863 
110585145213 81.201077 110585145224 204.337863 
110595407872 0.201077 110595407872 0.235863 
110630409981 557.201077 110630410008 184.396863 
110663489237 521.201077 110663489248 209.029863 
110687700822 403.201077 110687700847 124.573863 
111442602518 581.201077 111442602533 396.709863 
111443231632 297.201077 111443231624 902.272863 
111448912151 166.201077 111448912159 150.379863 
111618465930 490.201077 111618465926 78.826863 
111669149696 0.201077 111669149696 0.235863 
111771135431 314.201077 111771135452 104.632863 
111897018079 317.201077 111897018091 146.860863 
111930727267 256.201077 111930727276 162.109863 
111937544336 521.201077 111937544349 301.696863 
111959173244 264.201077 111959173253 322.810863 
112110430145 615.201077 112110430168 347.443863 
112124741416 602.201077 112124741435 112.843863 
112191124568 102.201077 112191124557 611.368863 
112301218457 108.201077 112301218458 199.645863 
112366196415 267.201077 112366196421 104.632863 
112673015306 191.201077 112673015309 207.856863 
112742891520 0.201077 112742891520 0.235863 
112988268791 225.201077 112988268802 241.873863 
113015460330 397.201077 113015460325 103.459863 
113029477514 444.201077 113029477521 126.919863 
113252874840 532.201077 113252874859 359.173863 
113262572025 594.201077 113262572039 159.763863 
113269388534 349.201077 113269388540 191.434863 
113377298680 197.201077 113377298683 185.569863 
113391462946 129.201077 113391462944 264.160863 
113416974440 281.201077 113416974448 206.683863 
113686672985 169.201077 113686672988 133.957863 
113711621495 179.201077 113711621492 125.746863 
113763463422 320.201077 113763463438 348.616863 
113810680229 608.201077 113810680223 133.957863 
113816633344 0.201077 113816633344 0.235863 
113897541164 139.201077 113897541183 87.037863 
114161552240 577.201077 114161552232 1037.167863 
114175133202 415.201077 114175133219 191.434863 
114300411499 123.201077 114300411528 236.008863 
114361916635 577.201077 114361916638 121.054863 
114400622420 429.201077 114400622427 158.590863 
114615050669 232.201077 114615050676 329.848863 
114786520224 108.201077 114786520228 129.265863 
114787115071 285.201077 114787115076 201.991863 
114803682227 251.201077 114803682239 130.438863 
114890375168 0.201077 114890375168 0.235863 
115019946980 655.201077 115019946987 110.497863 
115177383186 377.201077 115177383195 206.683863 
115259333699 210.201077 115259333708 190.261863 
115383171531 347.201077 115383171539 240.700863 
115407600382 570.201077 115407600370 96.421863 
115425292550 560.201077 115425292552 253.603863 
115434283132 587.201077 115434283125 115.189863 
115445152686 600.201077 115445152704 163.282863 
115449779519 0.201077 115449779525 257.122863 
115598411853 535.201077 115598411867 203.164863 
115686234783 594.201077 115686234802 148.033863 
115912822681 319.201077 115912822690 295.831863 
115916538801 566.201077 115916538793 136.303863 
115953350637 425.201077 115953350643 135.130863 
115964116992 0.201077 115964116992 0.235863 
116089761552 0.201077 116089761551 365.038863 
116288397092 239.201077 116288397098 372.076863 
116371523842 164.201077 116371523850 165.628863 
116634458183 230.201077 116634458195 205.510863 
116702190152 309.201077 116702190157 151.552863 
116736158438 585.201077 116736158456 271.198863 
116744613932 557.201077 116744613937 176.185863 
116861588847 368.201077 116861588869 158.590863 
117037858816 0.201077 117037858816 0.235863 
117176541114 552.201077 117176541123 142.168863 
117206330735 598.201077 117206330728 133.957863 
117252069435 648.201077 117252069437 121.054863 
117272717078 68.201077 117272717099 209.029863 
117448478702 291.201077 117448478709 178.531863 
117477060614 0.201077 117477060618 114.016863 
117747565605 524.714941 117747565627 113.446626 
118081112912 383.714941 118081112915 105.235626 
118111600640 -0.285059 118111600640 -0.334374 
118267852157 635.714941 118267852171 190.864626 
118304424486 174.714941 118304424498 187.345626 
118553738787 200.714941 118553738779 113.446626 
118597133456 583.714941 118597133474 438.367626 
118655747847 121.714941 118655747856 159.193626 
118660916457 226.714941 118660916464 106.408626 
118664972359 575.714941 118664972388 217.843626 
118903869405 578.714941 118903869422 150.982626 
118905489612 434.714941 118905489626 182.653626 
119012342092 332.714941 119012342087 109.927626 
119023233546 603.714941 119023233556 193.210626 
119031714861 532.714941 119031714861 102.889626 
119067136702 186.714941 119067136716 152.155626 
119180523873 93.714941 119180523873 168.577626 
119185342464 -0.285059 119185342464 -0.334374 
119228366368 574.714941 119228366389 150.982626 
119245913162 -0.285059 119245913153 216.670626 
119316188007 100.714941 119316188018 349.219626 
119493345728 533.714941 119493345743 284.704626 
119588290436 511.714941 119588290455 143.944626 
119622921084 563.714941 119622921083 158.020626 
119624379560 564.714941 119624379565 282.358626 
119719214082 86.714941 119719214106 265.936626 
119819522071 606.714941 119819522082 120.484626 
120036424309 550.714941 120036424321 107.581626 
120037582656 112.714941 120037582671 109.927626 
120072831895 396.714941 120072831917 92.332626 
120079785425 240.714941 120079785434 250.687626 
120259084288 -0.285059 120259084288 -0.334374 
120277152427 362.714941 120277152431 124.003626 
120386581555 289.714941 120386581553 104.062626 
120581541166 387.714941 120581541173 233.092626 
120909719307 91.714941 120909719332 84.121626 
120913251558 520.714941 120913251567 85.294626 
120933150958 603.714941 120933150972 118.138626 
121049383727 606.714941 121049383717 121.657626 
121212756884 189.714941 121212756894 77.083626 
121332826112 -0.285059 121332826112 -0.334374 
121387567968 604.714941 121387567986 200.248626 
121730820978 131.714941 121730820967 105.235626 
121763098661 542.714941 121763098651 207.286626 
122076006652 83.714941 122076006656 281.185626 
122265264780 213.714941 122265264791 124.003626 
122355542082 586.714941 122355542080 127.522626 
122406567936 -0.285059 122406567936 -0.334374 
122629094305 584.714941 122629094318 261.244626 
122795909228 349.714941 122795909234 200.248626 
122798937217 318.714941 122798937225 297.607626 
122998699631 583.714941 122998699649 392.620626 
123048179443 116.714941 123048179466 166.231626 
123331298437 345.714941 123331298442 202.594626 
123480309760 -0.285059 123480309760 -0.334374 
123711519435 314.714941 123711519442 241.303626 
123824213736 256.714941 123824213740 245.995626 
123859509568 397.714941 123859509566 140.425626 
123941399475 526.714941 123941399488 170.923626 
124148942003 163.714941 124148942015 186.172626 
124347691578 613.714941 124347691591 139.252626 
124495534751 567.714941 124495534756 138.079626 
124507586157 499.714941 124507586152 180.307626 
124526469572 515.714941 124526469581 183.826626 
124554051584 -0.285059 124554051584 -0.334374 
124591885856 553.714941 124591885877 161.539626 
124602822432 106.714941 124602822449 169.750626 
124682668554 267.714941 124682668559 188.518626 
124718365142 602.714941 124718365167 125.176626 
124914249533 127.714941 124914249529 93.505626 
125017007604 260.714941 125017007631 260.071626 
125019598986 289.714941 125019599004 245.995626 
125119698457 553.714941 125119698450 127.522626 
125337593371 557.714941 125337593389 74.737626 
125373071244 580.714941 125373071234 181.480626 
125450118214 166.714941 125450118239 118.138626 
125452692599 408.714941 125452692612 122.830626 
125512324025 576.714941 125512324019 175.615626 
125627793408 -0.285059 125627793408 -0.334374 
125761786357 106.714941 125761786364 170.923626 
125846965237 578.714941 125846965248 125.176626 
126060155779 271.714941 126060155786 159.193626 
126118433530 553.714941 126118433554 229.573626 
126195213477 118.714941 126195213476 219.016626 
126392197497 98.714941 126392197516 95.851626 
126501910298 546.714941 126501910311 172.096626 
126578232454 420.714941 126578232472 1084.690626 
126620505562 -0.285059 126620505563 315.202626 
126701535232 -0.285059 126701535232 -0.334374 
126785828417 248.714941 126785828419 100.543626 
126943572787 508.714941 126943572790 93.505626 
126997789932 257.714941 126997789957 235.438626 
127283756782 576.714941 127283756782 115.792626 
127294510150 593.714941 127294510168 226.054626 
127564825328 77.714941 127564825319 138.079626 
127569239615 152.714941 127569239628 169.750626 
127643640493 263.714941 127643640497 101.716626 
128849018880 -0.285059 128849018880 -0.334374 
128930626903 87.714941 128930626930 174.442626 
128966833751 251.714941 128966833758 181.480626 
129022274244 257.714941 129022274232 98.197626 
129335127774 496.714941 129335127765 142.771626 
129336280144 223.714941 129336280155 210.805626 
129354944966 208.714941 129354944974 251.860626 
129388003643 109.714941 129388003665 124.003626 
129502667863 559.714941 129502667856 174.442626 
129520767974 397.714941 129520767964 215.497626 
129684076950 603.714941 129684076960 209.632626 
129751888803 132.714941 129751888808 176.788626 
129922760704 -0.285059 129922760704 -0.334374 
129947287662 -0.285059 129947287690 196.729626 
130047673203 165.714941 130047673213 99.370626 
130077921382 593.714941 130077921379 213.151626 
130078531192 545.714941 130078531217 120.484626 
130471279296 605.228805 130471279286 196.159388 
130522119472 191.228805 130522119494 129.298388 
130726398569 537.228805 130726398577 103.492388 
130863872031 602.228805 130863872057 204.370388 
130937668646 500.228805 130937668669 128.125388 
130996502528 0.228805 130996502528 0.268388 
131011673441 264.228805 131011673443 105.838388 
131108572205 640.228805 131108572229 90.589388 
131286495067 252.228805 131286495077 162.142388 
131319445374 328.228805 131319445382 112.876388 
131470144171 594.228805 131470144166 98.800388 
131574126827 136.228805 131574126854 178.564388 
131594938369 603.228805 131594938371 193.813388 
131712567695 584.228805 131712567687 85.897388 
132028231389 576.228805 132028231394 142.201388 
132037502076 602.228805 132037502074 145.720388 
132070244352 0.228805 132070244352 0.268388 
132091082242 154.228805 132091082266 54.226388 
132221799883 74.228805 132221799889 179.737388 
132621785630 581.228805 132621785652 414.337388 
132667851844 382.228805 132667851851 238.387388 
132707719023 568.228805 132707719028 220.792388 
132824980971 622.228805 132824980982 124.606388 
132850322107 730.228805 132850322136 200.851388 
132937631277 308.228805 132937631273 169.180388 
132958712212 410.228805 132958712219 139.855388 
133097777025 95.228805 133097777033 217.273388 
133143986176 0.228805 133143986176 0.268388 
133229198032 599.228805 133229198042 223.138388 
133252703410 541.228805 133252703417 224.311388 
133255672974 248.228805 133255672981 138.682388 
133735576605 548.228805 133735576600 125.779388 
133768936782 122.228805 133768936811 150.412388 
133826236254 340.228805 133826236260 266.539388 
133835142636 104.228805 133835142630 138.682388 
133992773602 153.228805 133992773612 157.450388 
134025306584 481.228805 134025306598 186.775388 
134158639121 463.228805 134158639128 82.378388 
134212339304 173.228805 134212339309 189.121388 
134217728000 0.228805 134217728000 0.268388 
134457911749 243.228805 134457911737 157.450388 
134651855819 151.228805 134651855810 169.180388 
134917792534 579.228805 134917792539 131.644388 
135076388617 0.228805 135076388639 98.800388 
135291469824 0.228805 135291469824 0.268388 
135437774548 243.228805 135437774557 111.703388 
135790712054 158.228805 135790712064 178.564388 
135794136153 293.228805 135794136141 126.952388 
135859327023 569.228805 135859327041 183.256388 
135941560328 0.228805 135941560345 190.294388 
136079013099 325.228805 136079013093 143.374388 
136229488333 104.228805 136229488329 1168.576388 
136263174451 632.228805 136263174450 123.433388 
136285512019 661.228805 136285512044 128.125388 
136365211648 0.228805 136365211648 0.268388 
136368060986 119.228805 136368060994 1370.332388 
136443543477 364.228805 136443543487 245.425388 
136452628080 234.228805 136452628087 94.108388 
136497325719 218.228805 136497325726 157.450388 
136572773397 650.228805 136572773395 159.796388 
136581431675 65.228805 136581431688 122.260388 
136629516274 355.228805 136629516285 261.847388 
136731323091 390.228805 136731323096 87.070388 
136767236862 348.228805 136767236870 89.416388 
136810657843 645.228805 136810657856 131.644388 
136903214559 183.228805 136903214578 152.758388 
136906754695 177.228805 136906754701 172.699388 
136986112762 0.228805 136986112752 163.315388 
137083599494 560.228805 137083599489 240.733388 
137362081040 601.228805 137362081066 216.100388 
137438953472 0.228805 137438953472 0.268388 
137513773178 512.228805 137513773197 85.897388 
137599314393 608.228805 137599314415 190.294388 
137693758449 533.228805 137693758473 157.450388 
137778668539 106.228805 137778668543 179.737388 
137805613024 114.228805 137805613024 91.762388 
138037475486 634.228805 138037475498 316.978388 
138173894253 544.228805 138173894247 87.070388 
138446418102 320.228805 138446418110 128.125388 
138512695296 0.228805 138512695296 0.268388 
138527433362 544.228805 138527433365 114.049388 
138559007270 0.228805 138559007298 122.260388 
139010115353 68.228805 139010115359 105.838388 
139048203894 357.228805 139048203885 234.868388 
139072429182 118.228805 139072429191 103.492388 
139095193926 385.228805 139095193932 251.290388 
139132596628 551.228805 139132596649 121.087388 
139150757704 633.228805 139150757699 111.703388 
139178626560 639.228805 139178626557 158.623388 
139217744857 412.228805 139217744865 169.180388 
139262141579 165.228805 139262141587 237.214388 
139359099880 589.228805 139359099896 115.222388 
139483507399 527.228805 139483507421 149.239388 
139573166786 313.228805 139573166790 115.222388 
139586437120 0.228805 139586437120 0.268388 
139633885851 135.228805 139633885852 121.087388 
139929268275 144.228805 139929268283 155.104388 
139930264286 569.228805 139930264291 183.256388 
140004699862 617.228805 140004699889 186.775388 
140024034034 613.228805 140024034023 207.889388 
140213234574 547.228805 140213234582 95.281388 
140239924708 576.228805 140239924723 210.235388 
140570911977 553.228805 140570911983 187.948388 
140648567006 107.228805 140648567021 204.370388 
140660178944 0.228805 140660178944 0.268388 
140680983122 103.228805 140680983140 224.311388 
140816528545 267.228805 140816528549 203.197388 
140927658712 143.228805 140927658722 291.172388 
140981485962 230.228805 140981485970 160.969388 
141010621067 332.228805 141010621056 309.940388 
141269654565 106.228805 141269654555 121.087388 
141291192262 424.228805 141291192284 110.530388 
141313101848 0.228805 141313101854 233.695388 
141412970300 330.228805 141412970310 104.665388 
141592719537 411.228805 141592719545 118.741388 
141733920768 0.228805 141733920768 0.268388 
141818991006 322.228805 141818991014 245.425388 
141834675705 140.228805 141834675699 153.931388 
141867024108 147.228805 141867024123 121.087388 
141890520331 612.228805 141890520338 155.104388 
141976066259 111.228805 141976066256 177.391388 
142063522757 369.228805 142063522768 250.117388 
142076944648 182.228805 142076944657 112.876388 
142104017995 183.228805 142104018004 157.450388 
142147631232 581.228805 142147631243 145.720388 
142153238604 183.228805 142153238614 198.505388 
142179890336 65.228805 142179890328 145.720388 
142231332890 265.228805 142231332893 156.277388 
142253327621 346.228805 142253327626 257.155388 
142266516260 108.228805 142266516264 146.893388 
142356093492 264.228805 142356093484 83.551388 
142428205022 614.228805 142428205011 103.492388 
142598752739 375.228805 142598752749 196.159388 
142807662592 -0.257330 142807662592 -0.301849 
142813356793 579.742670 142813356796 182.686151 
142905107464 261.742670 142905107463 166.264151 
142961120829 488.742670 142961120837 82.981151 
143056828490 110.742670 143056828499 -0.301849 
143143520330 281.742670 143143520340 -0.301849 
143404856524 383.742670 143404856537 192.070151 
143575307234 564.742670 143575307256 100.576151 
143719655107 282.742670 143719655124 213.184151 
143881404416 -0.257330 143881404416 -0.301849 
144123076150 540.742670 144123076149 206.146151 
144288226677 368.742670 144288226702 91.192151 
144495872693 578.742670 144495872714 343.387151 
144783044616 107.742670 144783044623 142.804151 
144955146240 -0.257330 144955146240 -0.301849 
145016025692 389.742670 145016025682 187.378151 
145225045014 274.742670 145225045020 154.534151 
145350746224 465.742670 145350746241 219.049151 
145687709908 606.742670 145687709906 222.568151 
145762641513 80.742670 145762641532 215.530151 
145934898512 417.742670 145934898520 187.378151 
146028888064 -0.257330 146028888064 -0.301849 
146104436411 525.742670 146104436420 114.652151 
146224072162 612.742670 146224072163 167.437151 
146297794509 255.742670 146297794513 134.593151 
146359977326 343.742670 146359977335 290.602151 
146391154148 167.742670 146391154165 121.690151 
146401776269 209.742670 146401776281 242.509151 
146539469258 579.742670 146539469281 268.315151 
146540593041 75.742670 146540593033 217.876151 
146603201277 568.742670 146603201282 143.977151 
146627378424 107.742670 146627378435 73.597151 
146632939923 365.742670 146632939946 214.357151 
146685001145 580.742670 146685001145 82.981151 
146865682944 582.742670 146865682944 378.577151 
146891274080 428.742670 146891274089 209.665151 
146935021608 457.742670 146935021621 121.690151 
147005472573 262.742670 147005472580 278.872151 
147102629888 -0.257330 147102629888 -0.301849 
147155741171 574.742670 147155741167 216.703151 
147351433215 365.742670 147351433219 255.412151 
147361756026 171.742670 147361756049 168.610151 
147363536482 528.742670 147363536487 91.192151 
147686736442 545.742670 147686736435 113.479151 
147767543107 209.742670 147767543115 114.652151 
147812516424 124.742670 147812516423 190.897151 
147849975996 565.742670 147849975997 131.074151 
148031752474 331.742670 148031752482 99.403151 
148092513729 394.742670 148092513735 154.534151 
148125584210 84.742670 148125584219 186.205151 
148176371712 -0.257330 148176371712 -0.301849 
148217503203 575.742670 148217503230 468.898151 
148231174785 581.742670 148231174811 349.252151 
148306044658 615.742670 148306044652 91.192151 
148537877092 495.742670 148537877093 368.020151 
148576288721 546.742670 148576288741 176.821151 
148586055537 529.742670 148586055530 111.133151 
148622295081 271.742670 148622295085 124.036151 
148696135357 365.742670 148696135384 104.095151 
148700400441 109.742670 148700400449 227.260151 
148771774842 562.742670 148771774864 213.184151 
148829121907 283.742670 148829121917 136.939151 
148902696541 358.742670 148902696550 121.690151 
149006299430 481.742670 149006299418 238.990151 
149127405225 374.742670 149127405225 278.872151 
149250113536 -0.257330 149250113536 -0.301849 
149483787558 302.742670 149483787568 343.387151 
149598844627 215.742670 149598844638 91.192151 
149627813357 570.742670 149627813369 80.635151 
149697965981 346.742670 149697965989 227.260151 
149822579529 124.742670 149822579534 231.952151 
149880325435 545.742670 149880325445 138.112151 
149986698437 568.742670 149986698460 188.551151 
150065657422 597.742670 150065657438 186.205151 
150078718989 605.742670 150078718995 233.125151 
150217233652 610.742670 150217233672 88.846151 
150323855360 -0.257330 150323855360 -0.301849 
150359232999 420.742670 150359233019 107.614151 
150459021577 531.742670 150459021595 90.019151 
150609242465 146.742670 150609242471 116.998151 
150623735561 624.742670 150623735561 220.222151 
150763037503 249.742670 150763037492 212.011151 
150937202618 571.742670 150937202627 187.378151 
150974663370 666.742670 150974663362 108.787151 
151397597184 -0.257330 151397597184 -0.301849 
151463203652 129.742670 151463203659 167.437151 
151655059008 597.742670 151655059029 72.424151 
151698099568 327.742670 151698099578 325.792151 
151899925659 94.742670 151899925649 515.818151 
151933238808 604.742670 151933238828 324.619151 
152068099473 520.742670 152068099485 146.323151 
152068542901 175.742670 152068542907 368.020151 
152170559239 562.742670 152170559261 107.614151 
152275516065 174.742670 152275516093 207.319151 
152296065005 597.742670 152296065017 119.344151 
152471339008 -0.257330 152471339008 -0.301849 
152534460924 -0.257330 152534460944 118.171151 
152684103684 213.742670 152684103693 129.901151 
152707952129 473.742670 152707952117 214.357151 
153071405107 197.742670 153071405112 170.956151 
153083502876 599.742670 153083502877 154.534151 
153204204269 507.742670 153204204291 129.901151 
153545080832 -0.257330 153545080832 -0.301849 
153857332774 179.742670 153857332791 143.977151 
153895369331 110.742670 153895369338 257.758151 
154081193974 59.742670 154081193962 192.070151 
154084632370 555.742670 154084632387 251.893151 
154211144334 129.742670 154211144342 177.994151 
154240114766 385.742670 154240114771 63.040151 
154266403700 295.742670 154266403710 163.918151 
154276354931 111.742670 154276354951 277.699151 
154404147992 526.742670 154404148017 161.572151 
154454806613 631.742670 154454806605 153.361151 
154475441020 537.742670 154475441042 223.741151 
154524027627 590.742670 154524027625 105.268151 
154526865597 258.742670 154526865592 153.361151 
154591288842 363.742670 154591288846 324.619151 
154609650778 235.742670 154609650795 671.827151 
154618822656 -0.257330 154618822656 -0.301849 
154640275063 269.742670 154640275074 188.551151 
154737721794 307.742670 154737721796 339.868151 
154863584963 512.742670 154863584981 115.825151 
154901734380 520.742670 154901734376 121.690151 
155237789664 389.256534 155237789673 239.592914 
155532528665 555.256534 155532528678 175.077914 
155545187595 356.256534 155545187603 190.326914 
155672020279 300.256534 155672020285 300.588914 
155681221015 263.256534 155681221018 125.811914 
155692564480 0.256534 155692564480 0.300914 
155882438241 94.256534 155882438247 100.005914 
155907182518 298.256534 155907182527 118.773914 
155946909820 386.256534 155946909827 246.630914 
156174382289 544.256534 156174382312 279.474914 
156175427529 82.256534 156175427540 212.613914 
156242967518 505.256534 156242967507 168.039914 
156245514467 62.256534 156245514455 203.229914 
156412873636 489.256534 156412873642 183.288914 
156418859523 284.256534 156418859530 91.794914 
156427372139 506.256534 156427372159 220.824914 
156478350861 275.256534 156478350865 125.811914 
156527313838 582.256534 156527313829 463.635914 
156766306304 0.256534 156766306304 0.300914 
156769740569 166.256534 156769740572 280.647914 
156782179512 285.256534 156782179521 102.351914 
156874060781 588.256534 156874060801 179.769914 
156970882400 143.256534 156970882405 105.870914 
157161530956 369.256534 157161530965 223.170914 
157320218971 168.256534 157320218966 149.271914 
157336349847 155.256534 157336349857 403.812914 
157338010117 163.256534 157338010129 264.225914 
157458442311 80.256534 157458442339 126.984914 
157489664727 616.256534 157489664720 317.010914 
157490814308 675.256534 157490814296 182.115914 
157577944620 142.256534 157577944617 123.465914 
157739495746 209.256534 157739495753 125.811914 
157754084325 171.256534 157754084328 164.520914 
157840048128 0.256534 157840048128 0.300914 
157931910948 618.256534 157931910961 129.330914 
157983720242 563.256534 157983720261 104.697914 
158128330501 86.256534 158128330520 177.423914 
158281316941 543.256534 158281316955 104.697914 
158560782414 688.256534 158560782435 122.292914 
158716246338 562.256534 158716246331 126.984914 
158809291128 100.256534 158809291124 98.832914 
158855029065 334.256534 158855029071 200.883914 
158913789952 0.256534 158913789952 0.300914 
159030633372 166.256534 159030633390 107.043914 
159152848108 536.256534 159152848128 170.385914 
159222051986 589.256534 159222051981 164.520914 
159361485909 359.256534 159361485930 90.621914 
159378472341 315.256534 159378472365 180.942914 
159862317957 357.256534 159862317963 159.828914 
159878163037 261.256534 159878163026 81.237914 
159987531776 0.256534 159987531776 0.300914 
160033367830 253.256534 160033367839 159.828914 
160144853025 98.256534 160144853030 225.516914 
160153658923 237.256534 160153658930 84.756914 
160218429848 299.256534 160218429857 74.199914 
160484237144 605.256534 160484237168 173.904914 
160502360314 60.256534 160502360327 182.115914 
160514429485 270.256534 160514429474 185.634914 
160541280637 404.256534 160541280644 179.769914 
160756696938 386.256534 160756696950 116.427914 
160887148131 393.256534 160887148135 124.638914 
160902919088 566.256534 160902919110 180.942914 
161035593047 350.256534 161035593057 2204.367914 
161061273600 0.256534 161061273600 0.300914 
161231925948 225.256534 161231925955 213.786914 
161253765467 345.256534 161253765474 142.233914 
161597765720 362.256534 161597765725 150.444914 
161598731885 132.256534 161598731888 213.786914 
161873704609 271.256534 161873704600 121.119914 
161938274394 292.256534 161938274402 155.136914 
162135015424 0.256534 162135015424 0.300914 
162155215879 129.256534 162155215868 184.461914 
162167938410 290.256534 162167938402 145.752914 
162286429137 326.256534 162286429147 104.697914 
162290014975 274.256534 162290014998 815.535914 
162356446228 516.256534 162356446216 192.672914 
162520148222 412.256534 162520148226 241.938914 
162714466258 153.256534 162714466269 150.444914 
162866186048 565.256534 162866186054 251.322914 
162871420798 582.256534 162871420823 98.832914 
162897864250 203.256534 162897864259 130.503914 
163123693899 265.256534 163123693906 202.056914 
163208757248 0.256534 163208757248 0.300914 
163210180659 92.256534 163210180671 104.697914 
163264874129 261.256534 163264874133 81.237914 
163288607360 580.256534 163288607349 95.313914 
163462668049 173.256534 163462668065 197.364914 
163590963670 0.256534 163590963687 168.039914 
163610215619 65.256534 163610215613 193.845914 
163783529448 202.256534 163783529444 155.136914 
163913048160 582.256534 163913048181 117.600914 
164116570312 613.256534 164116570300 100.005914 
164130994620 177.256534 164130994638 155.136914 
164147607953 610.256534 164147607950 156.309914 
164190566057 99.256534 164190566069 83.583914 
164282499072 0.256534 164282499072 0.300914 
164382186223 130.256534 164382186237 105.870914 
164466140340 204.256534 164466140363 186.807914 
164560313406 587.256534 164560313416 101.178914 
164642479236 456.256534 164642479246 179.769914 
164798233683 601.256534 164798233687 121.119914 
164869303257 472.256534 164869303261 94.140914 
165143365971 545.256534 165143365994 212.613914 
165197606162 558.256534 165197606155 175.077914 
165356240896 0.256534 165356240896 0.300914 
165360194475 202.256534 165360194483 149.271914 
165446962012 56.256534 165446962004 324.048914 
165677531509 588.256534 165677531505 111.735914 
165698985018 130.256534 165698985012 153.963914 
165907267244 147.256534 165907267262 123.465914 
166007134004 56.256534 166007134010 149.271914 
166023968922 318.256534 166023968928 171.558914 
166024503751 176.256534 166024503777 70.680914 
166069021166 203.256534 166069021172 308.799914 
166095329206 567.256534 166095329230 -0.872086 
166129750566 62.256534 166129750567 155.136914 
166271658915 229.256534 166271658912 109.389914 
166329464136 602.256534 166329464143 74.199914 
166429982720 0.256534 166429982720 0.300914 
166485570055 647.256534 166485570083 75.372914 
166532003585 267.256534 166532003591 144.579914 
166555400090 233.256534 166555400102 190.326914 
166655924498 579.256534 166655924524 180.942914 
166779659683 552.256534 166779659697 162.174914 
166869225383 495.256534 166869225391 135.195914 
166886808124 335.256534 166886808136 233.727914 
166930839971 314.256534 166930839981 199.710914 
166937511810 312.256534 166937511799 138.714914 
166982436100 93.256534 166982436122 152.790914 
167044160644 524.256534 167044160656 178.596914 
167115738645 206.256534 167115738648 207.921914 
167239730787 533.256534 167239730792 187.980914 
167503724544 0.256534 167503724544 0.300914 
167540255811 294.256534 167540255818 207.921914 
167571154616 574.256534 167571154622 198.537914 
167624102649 362.770398 167624102676 160.431677 
167699497054 512.770398 167699497058 92.397677 
167758276830 247.770398 167758276855 125.241677 
167887115551 584.770398 167887115539 785.640677 
167940956280 580.770398 167940956284 398.550677 
167981977925 178.770398 167981977931 109.992677 
168114064366 576.770398 168114064386 162.777677 
168119422798 580.770398 168119422821 72.456677 
168193402819 228.770398 168193402839 319.959677 
168275862215 599.770398 168275862212 187.410677 
168392021299 393.770398 168392021317 1992.657677 
168503490773 249.770398 168503490781 139.317677 
168531230977 554.770398 168531230987 72.456677 
168577466368 -0.229602 168577466368 -0.269323 
168582407405 257.770398 168582407410 81.840677 
168634690529 229.770398 168634690542 178.026677 
168933040878 239.770398 168933040887 97.089677 
169028493645 419.770398 169028493652 256.617677 
169141677424 533.770398 169141677451 319.959677 
169592829091 262.770398 169592829103 224.946677 
169597561952 308.770398 169597561959 159.258677 
169604569159 468.770398 169604569178 124.068677 
169628159524 -0.229602 169628159533 141.663677 
169651208192 -0.229602 169651208192 -0.269323 
169794932869 141.770398 169794932890 152.220677 
169812933595 112.770398 169812933606 400.896677 
169817536973 558.770398 169817536987 138.144677 
169887045156 320.770398 169887045152 176.853677 
170003722139 355.770398 170003722135 186.237677 
170014413059 173.770398 170014413061 189.756677 
170014871013 541.770398 170014871019 312.921677 
170167519234 149.770398 170167519260 104.127677 
170210695648 -0.229602 170210695664 220.254677 
170378383696 69.770398 170378383703 248.406677 
170415625449 161.770398 170415625459 316.440677 
170541513095 -0.229602 170541513103 233.157677 
170586447400 545.770398 170586447407 86.532677 
170718746148 605.770398 170718746147 183.891677 
170724950016 -0.229602 170724950016 -0.269323 
170851580603 620.770398 170851580626 77.148677 
171034898710 389.770398 171034898715 262.482677 
171050417942 386.770398 171050417935 112.338677 
171218591164 358.770398 171218591168 233.157677 
171241682780 620.770398 171241682778 132.279677 
171280856542 98.770398 171280856570 200.313677 
171794030516 378.770398 171794030523 224.946677 
171798691840 -0.229602 171798691840 -0.269323 
171855175802 334.770398 171855175810 63.072677 
171948762440 606.770398 171948762458 202.659677 
171990714991 286.770398 171990715006 124.068677 
172015663578 411.770398 172015663596 197.967677 
172381745436 373.770398 172381745440 155.739677 
172402275244 532.770398 172402275251 72.456677 
172402642361 103.770398 172402642380 108.819677 
172423910347 203.770398 172423910356 200.313677 
172560216049 74.770398 172560216061 78.321677 
172569629313 625.770398 172569629327 142.836677 
172724877868 306.770398 172724877877 56.034677 
172872433664 -0.229602 172872433664 -0.269323 
173188964912 655.770398 173188964932 359.841677 
173231883107 322.770398 173231883109 81.840677 
173446936545 609.770398 173446936552 124.068677 
173523233530 273.770398 173523233521 68.937677 
173560017711 184.770398 173560017716 222.600677 
173740809716 344.770398 173740809723 240.195677 
173946175488 -0.229602 173946175488 -0.269323 
173964235755 344.770398 173964235760 250.752677 
174062972437 581.770398 174062972444 128.760677 
174073116928 -0.229602 174073116945 190.929677 
174138596895 70.770398 174138596907 202.659677 
174476870919 489.770398 174476870948 149.874677 
174538194819 244.770398 174538194828 138.144677 
174559912776 83.770398 174559912796 95.916677 
174699218390 214.770398 174699218393 172.161677 
174718067696 525.770398 174718067693 134.625677 
174734820380 610.770398 174734820402 154.566677 
174823273469 253.770398 174823273478 173.334677 
174829484995 615.770398 174829484995 180.372677 
174829631520 214.770398 174829631548 120.549677 
174833799621 183.770398 174833799628 250.752677 
174882036557 336.770398 174882036565 246.060677 
174959103237 375.770398 174959103244 138.144677 
175019917312 -0.229602 175019917312 -0.269323 
175189499308 624.770398 175189499304 790.332677 
175235931667 572.770398 175235931661 179.199677 
175345247197 333.770398 175345247187 212.043677 
175595172629 529.770398 175595172642 301.191677 
175682400579 540.770398 175682400595 148.701677 
175695815488 517.770398 175695815511 131.106677 
175697081932 133.770398 175697081932 126.414677 
175819214661 97.770398 175819214649 287.115677 
176067824337 492.770398 176067824346 93.570677 
176093659136 -0.229602 176093659136 -0.269323 
176305815004 506.770398 176305815006 135.798677 
176847384226 104.770398 176847384227 179.199677 
176873127714 591.770398 176873127710 968.628677 
176880232569 60.770398 176880232582 271.866677 
176933039815 590.770398 176933039810 1468.326677 
177032686702 140.770398 177032686711 181.545677 
177167400960 -0.229602 177167400960 -0.269323 
177213902136 343.770398 177213902156 91.224677 
177266363965 601.770398 177266363974 149.874677 
177305923361 358.770398 177305923368 189.756677 
177388055278 110.770398 177388055277 131.106677 
177468862312 297.770398 177468862317 172.161677 
177862759002 387.770398 177862759008 239.022677 
178072108213 556.770398 178072108233 139.317677 
178167484164 137.770398 178167484151 131.106677 
178172103800 181.770398 178172103812 114.684677 
178241142784 -0.229602 178241142784 -0.269323 
178567445477 169.770398 178567445464 118.203677 
178610230944 228.770398 178610230933 133.452677 
178742198265 505.770398 178742198290 194.448677 
178880525938 161.770398 178880525941 80.667677 
178942921334 562.770398 178942921334 336.381677 
178967813153 235.770398 178967813158 113.511677 
179005671448 501.770398 179005671437 142.836677 
179050843361 243.770398 179050843380 186.237677 
179277674411 493.770398 179277674402 154.566677 
179314884608 -0.229602 179314884608 -0.269323 
179326975068 526.770398 179326975067 156.912677 
179563447864 283.770398 179563447871 251.925677 
179722390302 595.770398 179722390306 93.570677 
179802812613 143.770398 179802812616 132.279677 
180053325608 624.770398 180053325635 121.722677 
