13436137 252.053592 13436139 122.054863 
204472421 432.053592 204472429 202.991863 
282780345 85.053592 282780339 109.151863 
460339889 90.053592 460339901 190.088863 
658661498 163.053592 658661504 89.210863 
800307843 429.053592 800307835 72.788863 
827987465 446.053592 827987453 97.421863 
1073741824 0.053592 1073741824 0.062863 
1112329560 102.053592 1112329555 168.974863 
1130623028 245.053592 1130623016 91.556863 
1344739294 217.053592 1344739297 157.244863 
1433193864 584.053592 1433193877 150.206863 
1457173561 601.053592 1457173560 138.476863 
1500266367 423.053592 1500266363 150.206863 
1536009835 249.053592 1536009834 100.940863 
1723370200 159.053592 1723370201 163.109863 
1760227578 334.053592 1760227589 146.687863 
1872238550 242.053592 1872238578 183.050863 
1900310984 625.053592 1900310975 184.223863 
1913771267 594.053592 1913771268 179.531863 
1991962823 246.053592 1991962827 211.202863 
2147483648 0.053592 2147483648 0.062863 
2189251790 188.053592 2189251795 133.784863 
2203828380 238.053592 2203828386 147.860863 
2622312014 631.053592 2622312017 199.472863 
2653129754 559.053592 2653129749 147.860863 
2720308098 511.053592 2720308100 234.662863 
2745651824 148.053592 2745651836 168.974863 
2771871478 114.053592 2771871476 127.919863 
2943250071 321.053592 2943250067 151.379863 
2982487060 119.053592 2982487050 117.362863 
3107406099 233.053592 3107406103 424.688863 
3121508314 533.053592 3121508325 435.245863 
3125002491 628.053592 3125002493 200.645863 
3210135241 63.053592 3210135246 160.763863 
3221225472 0.053592 3221225472 0.062863 
3307811136 169.053592 3307811139 171.320863 
3327524519 597.053592 3327524541 140.822863 
3527137020 576.053592 3527137026 138.476863 
3647593427 567.053592 3647593436 163.109863 
3692574048 274.053592 3692574056 112.670863 
3720243334 290.053592 3720243341 463.397863 
3971332353 267.053592 3971332359 389.498863 
4033459823 362.053592 4033459832 166.628863 
4294967296 0.053592 4294967296 0.062863 
4331335357 239.053592 4331335367 157.244863 
4476118120 65.053592 4476118126 198.299863 
4512377676 279.053592 4512377681 152.552863 
4898363146 300.053592 4898363156 147.860863 
5089357256 156.053592 5089357264 208.856863 
5221450118 175.053592 5221450115 279.236863 
5259297416 556.053592 5259297435 143.168863 
5368709120 0.053592 5368709120 0.062863 
5552722631 98.053592 5552722659 122.054863 
5686003603 157.053592 5686003629 112.670863 
5831659786 306.053592 5831659808 214.721863 
5844044670 95.053592 5844044677 131.438863 
5886675516 288.053592 5886675523 90.383863 
6047550606 60.053592 6047550599 192.434863 
6442450944 0.053592 6442450944 0.062863 
6493105457 558.053592 6493105472 110.324863 
6509150308 71.053592 6509150331 122.054863 
7002930295 249.053592 7002930303 124.400863 
7311034005 608.053592 7311034023 127.919863 
7381396708 255.053592 7381396714 288.620863 
7513225135 200.053592 7513225131 239.354863 
8589934592 0.053592 8589934592 0.062863 
8686748692 252.053592 8686748700 198.299863 
8873386039 218.053592 8873386061 172.493863 
8916193938 279.053592 8916193956 180.704863 
8940257811 365.053592 8940257834 165.455863 
9029619447 604.053592 9029619455 247.565863 
9031296992 95.053592 9031297017 138.476863 
9395693014 632.567456 9395693028 184.826626 
9568806663 116.567456 9568806675 94.505626 
9663676416 -0.432544 9663676416 -0.507374 
9767318515 275.567456 9767318526 290.396626 
9801613449 427.567456 9801613457 200.075626 
9812855416 377.567456 9812855417 163.712626 
10220089876 534.567456 10220089903 133.214626 
10454626666 568.567456 10454626662 269.282626 
10511833772 638.567456 10511833766 198.902626 
10737418240 -0.432544 10737418240 -0.507374 
10866636307 392.567456 10866636302 265.763626 
10925679907 132.567456 10925679913 202.421626 
11012157779 274.567456 11012157782 149.636626 
11091850589 496.567456 11091850618 107.408626 
11483660347 576.567456 11483660343 166.058626 
11811160064 -0.432544 11811160064 -0.507374 
11889302806 606.567456 11889302799 242.303626 
12025220961 369.567456 12025220958 194.210626 
12114609366 573.567456 12114609357 -0.507374 
12268219456 95.567456 12268219455 149.636626 
12319737726 592.567456 12319737720 182.480626 
12610561961 198.567456 12610561949 683.351626 
12848505123 568.567456 12848505147 168.404626 
12884901888 -0.432544 12884901888 -0.507374 
13093563992 569.567456 13093564011 155.501626 
13113613800 575.567456 13113613808 79.256626 
13187888861 83.567456 13187888881 177.788626 
13532605513 611.567456 13532605532 98.024626 
13607681944 629.567456 13607681939 79.256626 
13800858790 73.567456 13800858815 103.889626 
13900471555 427.567456 13900471570 289.223626 
13902857142 661.567456 13902857143 163.712626 
13906728000 490.567456 13906728011 85.121626 
13958643712 -0.432544 13958643712 -0.507374 
13996783056 534.567456 13996783053 110.927626 
14041489079 120.567456 14041489087 276.320626 
14055321828 143.567456 14055321851 126.176626 
14092706379 380.567456 14092706370 141.425626 
14475595469 137.567456 14475595482 175.442626 
14700006887 588.567456 14700006899 230.573626 
14732058813 251.567456 14732058826 236.438626 
14923009180 150.567456 14923009189 119.138626 
14984502017 159.567456 14984502007 239.957626 
15032385536 -0.432544 15032385536 -0.507374 
15060630681 285.567456 15060630687 141.425626 
15152531038 607.567456 15152531047 191.864626 
15315721690 544.567456 15315721695 79.256626 
15529293837 190.567456 15529293844 291.569626 
15664742016 227.567456 15664742024 140.252626 
15723469740 106.567456 15723469747 194.210626 
15791090626 547.567456 15791090622 112.100626 
15845229091 583.567456 15845229098 282.185626 
15888928181 235.567456 15888928190 319.721626 
15954066606 536.567456 15954066625 190.691626 
15992189701 243.567456 15992189709 148.463626 
16106127360 -0.432544 16106127360 -0.507374 
16121105027 576.567456 16121105039 99.197626 
16386853239 573.567456 16386853238 266.936626 
16408537221 513.567456 16408537243 171.923626 
16473774979 534.567456 16473774980 187.172626 
16486119010 470.567456 16486119018 95.678626 
16542698721 618.567456 16542698737 146.117626 
16572499404 584.567456 16572499405 130.868626 
16593010721 -0.432544 16593010748 182.480626 
16608651573 239.567456 16608651570 198.902626 
16797424742 603.567456 16797424761 180.134626 
16825913744 507.567456 16825913740 167.231626 
16841408162 611.567456 16841408189 203.594626 
16914181267 315.567456 16914181289 139.079626 
16942458146 644.567456 16942458144 146.117626 
16987491609 256.567456 16987491619 211.805626 
17026743513 646.567456 17026743526 140.252626 
17150825793 107.567456 17150825799 228.227626 
17179869184 -0.432544 17179869184 -0.507374 
17264756494 170.567456 17264756485 140.252626 
17512782706 389.567456 17512782702 87.467626 
17528945863 160.567456 17528945873 262.244626 
17592174284 206.567456 17592174294 189.518626 
17661707165 142.567456 17661707172 202.421626 
17663163563 412.567456 17663163555 194.210626 
17682519061 123.567456 17682519068 2129.660626 
17786278233 579.567456 17786278224 185.999626 
17875139268 107.567456 17875139292 109.754626 
17908065554 620.567456 17908065554 156.674626 
17948367827 635.567456 17948367846 306.818626 
18036409950 560.567456 18036409971 195.383626 
18051651727 198.567456 18051651732 171.923626 
18122490781 618.567456 18122490810 113.273626 
18253611008 -0.432544 18253611008 -0.507374 
18402523521 367.567456 18402523510 125.003626 
18581430171 582.567456 18581430176 184.826626 
18904233379 215.567456 18904233392 134.387626 
19009568827 571.567456 19009568821 123.830626 
19091370323 576.567456 19091370337 193.037626 
19105747480 277.567456 19105747494 347.873626 
19223674313 123.567456 19223674317 148.463626 
19233667485 115.567456 19233667477 181.307626 
19317029056 552.567456 19317029071 141.425626 
19327352832 -0.432544 19327352832 -0.507374 
19406981725 382.567456 19406981717 159.020626 
19459003170 387.567456 19459003198 168.404626 
19800801624 547.567456 19800801648 155.501626 
19830150451 409.567456 19830150458 239.957626 
19865111230 308.567456 19865111241 299.780626 
20025248728 567.567456 20025248715 155.501626 
20071422787 85.567456 20071422789 148.463626 
20168830657 189.567456 20168830665 182.480626 
20173330093 549.567456 20173330120 153.155626 
20275438529 -0.432544 20275438534 55.796626 
20284425823 112.567456 20284425838 98.024626 
20306686306 301.567456 20306686305 201.248626 
20401094656 -0.432544 20401094656 -0.507374 
20420670517 225.567456 20420670528 153.155626 
20486434619 641.567456 20486434623 170.750626 
20602411826 121.567456 20602411829 173.096626 
20772946405 274.567456 20772946411 258.725626 
20789954773 134.567456 20789954786 180.134626 
20888983500 533.567456 20888983491 277.493626 
21148720444 241.081321 21148720451 109.184389 
21391466107 611.081321 21391466122 137.336389 
21474836480 0.081321 21474836480 0.095389 
21537442294 538.081321 21537442312 197.159389 
21660994193 539.081321 21660994214 191.294389 
21683452188 565.081321 21683452196 78.686389 
21729762249 577.081321 21729762255 139.682389 
21764972930 189.081321 21764972934 145.547389 
22201585456 594.081321 22201585475 115.049389 
22401360181 240.081321 22401360174 146.720389 
22449172059 329.081321 22449172076 156.104389 
22548578304 0.081321 22548578304 0.095389 
22616559518 233.081321 22616559542 75.167389 
22728742349 607.081321 22728742353 120.914389 
22881808587 574.081321 22881808609 194.813389 
22918497629 591.081321 22918497645 248.771389 
23050958101 99.081321 23050958102 0.095389 
23106523081 281.081321 23106523088 149.066389 
23164486163 242.081321 23164486170 400.088389 
23284666165 592.081321 23284666178 152.585389 
23583990602 238.081321 23583990611 266.366389 
24696061952 0.081321 24696061952 0.095389 
24717516014 202.081321 24717516025 153.758389 
25003500413 622.081321 25003500409 71.648389 
25140118791 632.081321 25140118782 246.425389 
25266382158 90.081321 25266382182 213.581389 
25531677352 0.081321 25531677344 100.973389 
25708639416 515.081321 25708639411 112.703389 
25769803776 0.081321 25769803776 0.095389 
25774745238 224.081321 25774745265 91.589389 
25795135813 694.081321 25795135802 215.927389 
26095166268 656.081321 26095166259 0.095389 
26340260300 198.081321 26340260311 219.446389 
26464453722 131.081321 26464453733 314.459389 
26590395589 70.081321 26590395593 208.889389 
26665347512 588.081321 26665347500 195.986389 
26730695499 623.081321 26730695513 188.948389 
26843545600 0.081321 26843545600 0.095389 
27151704756 292.081321 27151704763 231.176389 
27173723752 162.081321 27173723759 146.720389 
27465420804 629.081321 27465420817 167.834389 
27513133893 133.081321 27513133915 176.045389 
27549320594 72.081321 27549320605 127.952389 
27611999981 595.081321 27611999989 191.294389 
27690034879 48.081321 27690034871 355.514389 
27739481620 305.081321 27739481612 1950.794389 
27777649415 272.081321 27777649434 176.045389 
27917287424 0.081321 27917287424 0.095389 
28517865949 659.081321 28517865950 115.049389 
28789054134 653.081321 28789054145 227.657389 
28991029248 0.081321 28991029248 0.095389 
29117788316 200.081321 29117788322 238.214389 
29238731874 111.081321 29238731896 191.294389 
29373407301 401.081321 29373407308 184.256389 
29422331938 570.081321 29422331950 140.855389 
29614507156 547.081321 29614507170 171.353389 
29688128945 115.081321 29688128943 133.817389 
29810068890 333.081321 29810068898 169.007389 
30051829393 186.081321 30051829422 132.644389 
30064771072 0.081321 30064771072 0.095389 
30213895033 395.081321 30213895041 246.425389 
30265586125 91.081321 30265586131 130.298389 
30269548828 336.081321 30269548836 214.754389 
30417741974 174.081321 30417741984 294.518389 
30572066685 625.081321 30572066698 185.429389 
30647364278 277.081321 30647364280 126.779389 
30830231040 580.081321 30830231032 212.408389 
30880272452 562.081321 30880272455 145.547389 
30936053462 549.081321 30936053487 193.640389 
31138512896 0.081321 31138512896 0.095389 
31142151108 144.081321 31142151097 1125.002389 
31150635082 560.081321 31150635077 118.568389 
31185515901 370.081321 31185515926 108.011389 
31192508941 573.081321 31192508930 86.897389 
31481245317 410.081321 31481245311 138.509389 
32209249557 146.081321 32209249566 173.699389 
32212254720 0.081321 32212254720 0.095389 
32268350467 578.081321 32268350470 100.973389 
32398788900 596.081321 32398788929 129.125389 
32485305077 643.081321 32485305077 205.370389 
32575640211 350.081321 32575640220 169.007389 
32597229684 361.081321 32597229690 238.214389 
32695474751 452.081321 32695474763 125.606389 
32972144721 105.081321 32972144709 142.028389 
33149060100 557.081321 33149060096 108.011389 
33226350359 584.081321 33226350381 219.446389 
33285996544 0.081321 33285996544 0.095389 
33314352469 167.081321 33314352493 104.492389 
33368949494 84.081321 33368949497 191.294389 
33622108065 535.081321 33622108070 524.426389 
33623598354 571.081321 33623598374 249.944389 
33647588277 0.081321 33647588266 132.644389 
33701327259 363.595185 33701327267 244.682152 
33732620929 359.595185 33732620930 71.078152 
33764182062 276.595185 33764182085 196.589152 
33765758420 570.595185 33765758428 105.095152 
33837310039 560.595185 33837310027 120.344152 
34208812156 556.595185 34208812165 137.939152 
34241518464 504.595185 34241518480 303.332152 
34359738368 -0.404815 34359738368 -0.474848 
34545763989 555.595185 34545764012 186.032152 
34580684819 572.595185 34580684835 103.922152 
34618087161 77.595185 34618087188 120.344152 
34902708206 267.595185 34902708214 204.800152 
35039554179 456.595185 35039554194 187.205152 
35433480192 -0.404815 35433480192 -0.474848 
35509162759 580.595185 35509162754 143.804152 
35654923795 310.595185 35654923801 237.644152 
35696785359 -0.404815 35696785367 107.441152 
35768640506 346.595185 35768640512 142.631152 
35999670477 419.595185 35999670498 221.222152 
36507222016 -0.404815 36507222016 -0.474848 
36629777654 59.595185 36629777651 193.070152 
36824604745 360.595185 36824604773 142.631152 
36894633345 88.595185 36894633361 159.053152 
36897618686 336.595185 36897618699 265.796152 
36983923528 118.595185 36983923534 184.859152 
37032657287 340.595185 37032657280 188.378152 
37071605381 155.595185 37071605400 161.399152 
37252876534 585.595185 37252876550 98.057152 
37281184915 167.595185 37281184933 81.635152 
37580963840 -0.404815 37580963840 -0.474848 
37888853285 383.595185 37888853294 203.627152 
37896672210 466.595185 37896672217 243.509152 
38169122984 560.595185 38169122977 297.467152 
38445006418 -0.404815 38445006423 152.015152 
38478088838 233.595185 38478088849 207.146152 
38654705664 -0.404815 38654705664 -0.474848 
38827546003 635.595185 38827546025 112.133152 
38973313589 94.595185 38973313582 110.960152 
39025313413 200.595185 39025313407 366.674152 
39184753780 234.595185 39184753783 128.555152 
39368741302 157.595185 39368741313 217.703152 
39711734438 540.595185 39711734461 126.209152 
39728447488 -0.404815 39728447488 -0.474848 
40255952700 116.595185 40255952707 139.112152 
40273659137 714.595185 40273659164 139.112152 
40351431109 553.595185 40351431105 144.977152 
40374217012 547.595185 40374217027 180.167152 
40392854272 132.595185 40392854283 187.205152 
40433132596 172.595185 40433132610 133.247152 
40516313544 88.595185 40516313558 242.336152 
40575381865 411.595185 40575381875 200.108152 
40606102282 627.595185 40606102294 193.070152 
40648430722 344.595185 40648430735 218.876152 
40802189312 -0.404815 40802189312 -0.474848 
40807927514 134.595185 40807927523 159.053152 
40947009575 444.595185 40947009571 189.551152 
41075883673 573.595185 41075883692 207.146152 
41169498967 247.595185 41169498971 150.842152 
41508231050 581.595185 41508231061 186.032152 
41567819469 102.595185 41567819478 116.825152 
41740628250 368.595185 41740628252 211.838152 
41875931136 -0.404815 41875931136 -0.474848 
42033159470 351.595185 42033159473 270.488152 
42256501469 233.595185 42256501473 247.028152 
42317266707 336.595185 42317266715 164.918152 
42473380909 306.595185 42473380917 262.277152 
42617391850 311.595185 42617391858 133.247152 
42619452564 419.595185 42619452570 242.336152 
42764574365 585.595185 42764574359 120.344152 
42852833851 563.595185 42852833869 72.251152 
42879932530 533.595185 42879932549 106.268152 
42926732144 103.595185 42926732168 103.922152 
42949672960 -0.404815 42949672960 -0.474848 
42970232030 264.595185 42970232039 152.015152 
43127514980 380.595185 43127514990 189.551152 
43239557472 94.595185 43239557476 161.399152 
43285376430 231.595185 43285376440 195.416152 
43364830321 614.595185 43364830348 162.572152 
43553487409 520.595185 43553487408 326.792152 
43587783218 94.595185 43587783216 94.538152 
43739561202 568.595185 43739561202 200.108152 
43776439628 193.595185 43776439622 235.298152 
44023414784 -0.404815 44023414784 -0.474848 
44097551962 369.595185 44097551980 149.669152 
44221036138 68.595185 44221036167 121.517152 
44233872628 610.595185 44233872621 214.184152 
44297920539 637.595185 44297920549 134.420152 
44404769024 67.595185 44404769039 135.593152 
44449881944 232.595185 44449881945 76.943152 
44458335457 -0.404815 44458335461 244.682152 
44476904996 346.595185 44476905000 116.825152 
44757488800 364.595185 44757488788 98.057152 
44902511226 141.595185 44902511229 132.074152 
44993824392 602.595185 44993824418 128.555152 
45097156608 -0.404815 45097156608 -0.474848 
45231743861 77.595185 45231743864 231.779152 
45247014939 525.595185 45247014960 256.412152 
45560844439 568.595185 45560844441 94.538152 
45726838578 644.595185 45726838571 160.226152 
45729171907 584.595185 45729171915 557.873152 
45811565910 305.595185 45811565920 139.112152 
45884748721 217.595185 45884748729 76.943152 
46155025018 600.595185 46155025023 121.517152 
46170898432 -0.404815 46170898432 -0.474848 
46225324318 593.595185 46225324317 320.927152 
46275563597 518.109049 46275563611 196.018915 
46589934495 567.109049 46589934504 86.929915 
46653033183 216.109049 46653033187 198.364915 
46673821713 121.109049 46673821709 144.406915 
46799505098 551.109049 46799505102 146.752915 
46876835137 243.109049 46876835157 224.170915 
47059604444 585.109049 47059604446 102.178915 
47179842514 496.109049 47179842542 83.410915 
47244640256 0.109049 47244640256 0.127915 
47264931016 543.109049 47264931040 129.157915 
47445615813 73.109049 47445615820 169.039915 
47632119515 361.109049 47632119528 108.043915 
47702342063 600.109049 47702342085 167.866915 
47735890822 236.109049 47735890818 349.681915 
47783564705 266.109049 47783564716 192.499915 
48052973634 380.109049 48052973642 222.997915 
48111550724 548.109049 48111550724 139.714915 
48318382080 0.109049 48318382080 0.127915 
48319549132 191.109049 48319549150 54.085915 
48595356354 519.109049 48595356378 370.795915 
48782163338 563.109049 48782163341 152.617915 
48785497427 315.109049 48785497437 157.309915 
48847124705 542.109049 48847124692 210.094915 
48990529450 197.109049 48990529458 259.360915 
49012258776 527.109049 49012258769 160.828915 
49016295547 99.109049 49016295558 137.368915 
49335458806 69.109049 49335458815 119.773915 
49343714001 103.109049 49343714017 105.697915 
49392123904 0.109049 49392123904 0.127915 
49393985245 538.109049 49393985258 186.634915 
49566395961 373.109049 49566395968 234.727915 
49797554846 382.109049 49797554854 151.444915 
49998378906 347.109049 49998378918 147.925915 
50037519929 566.109049 50037519937 241.765915 
50154560664 369.109049 50154560670 200.710915 
50238033637 133.109049 50238033635 116.254915 
50267240128 315.109049 50267240141 96.313915 
50357203357 640.109049 50357203374 237.073915 
50465865728 0.109049 50465865728 0.127915 
50568467796 253.109049 50568467796 103.351915 
50692025742 577.109049 50692025740 199.537915 
50721523717 274.109049 50721523729 217.132915 
50893758151 276.109049 50893758159 108.043915 
50979550656 562.109049 50979550649 197.191915 
51141379455 638.109049 51141379481 183.115915 
51148405906 194.109049 51148405925 150.271915 
51231442625 84.109049 51231442641 86.929915 
51527878266 267.109049 51527878271 318.010915 
51539607552 0.109049 51539607552 0.127915 
51690281602 318.109049 51690281609 91.621915 
51755999022 637.109049 51755999029 200.710915 
51825418783 156.109049 51825418808 198.364915 
51879049821 233.109049 51879049827 160.828915 
52527975826 545.109049 52527975852 95.140915 
52563327255 198.109049 52563327284 170.212915 
52613349376 0.109049 52613349376 0.127915 
52768543078 281.109049 52768543086 230.035915 
52845518563 662.109049 52845518556 129.157915 
52900307560 491.109049 52900307581 125.638915 
52901893132 104.109049 52901893149 181.942915 
53091048683 231.109049 53091048701 316.837915 
53247508999 525.109049 53247509004 105.697915 
53344404359 524.109049 53344404369 127.984915 
53385626632 253.109049 53385626634 119.773915 
53674208463 177.109049 53674208460 192.499915 
53687091200 0.109049 53687091200 0.127915 
53729598915 61.109049 53729598929 187.807915 
53762993316 255.109049 53762993345 111.562915 
53822149942 623.109049 53822149965 197.191915 
53878659434 571.109049 53878659431 159.655915 
54050025927 551.109049 54050025956 151.444915 
54528191856 211.109049 54528191861 184.288915 
54756071297 219.109049 54756071290 150.271915 
54760833024 0.109049 54760833024 0.127915 
54956580426 96.109049 54956580415 104.524915 
55022350601 604.109049 55022350596 238.246915 
55154424065 0.109049 55154424071 0.127915 
55202864843 378.109049 55202864837 133.849915 
55248264646 749.109049 55248264664 188.980915 
55580752693 225.109049 55580752721 186.634915 
55594008752 548.109049 55594008768 74.026915 
55625395128 205.109049 55625395127 124.465915 
55834574848 0.109049 55834574848 0.127915 
56056565853 334.109049 56056565863 307.453915 
56139484544 351.109049 56139484570 242.938915 
56652717556 303.109049 56652717560 84.583915 
56692240471 633.109049 56692240498 110.389915 
56700971434 349.109049 56700971443 112.735915 
56733708084 133.109049 56733708095 125.638915 
56734921031 539.109049 56734921038 127.984915 
56772042204 464.109049 56772042214 186.634915 
56791634457 238.109049 56791634454 167.866915 
56815302653 145.109049 56815302660 208.921915 
56908316672 0.109049 56908316672 0.127915 
57024979015 608.109049 57024979033 163.174915 
57176086156 111.109049 57176086162 296.896915 
57268458818 565.109049 57268458825 84.583915 
57339912642 234.109049 57339912654 228.862915 
57955203105 425.109049 57955203095 183.115915 
57982058496 0.109049 57982058496 0.127915 
57986719851 435.109049 57986719841 130.330915 
58259146141 593.109049 58259146159 190.153915 
58405964518 138.109049 58405964525 162.001915 
58437632580 326.109049 58437632590 173.731915 
58454943328 589.109049 58454943326 103.351915 
58582884198 560.109049 58582884194 126.811915 
58627956240 456.109049 58627956246 95.140915 
58630723149 297.109049 58630723170 154.963915 
58712570712 584.109049 58712570706 150.271915 
59055800320 -0.377086 59055800320 -0.442322 
59183323195 143.622914 59183323197 159.085678 
59395988253 218.622914 59395988252 369.052678 
59427747839 -0.377086 59427747842 100.435678 
59479140221 370.622914 59479140215 116.857678 
59881249874 570.622914 59881249889 121.549678 
59971053300 562.622914 59971053308 128.587678 
60055435784 543.622914 60055435779 125.068678 
60129542144 -0.377086 60129542144 -0.442322 
60191388481 138.622914 60191388488 173.161678 
60270086204 199.622914 60270086206 153.220678 
60362858263 544.622914 60362858251 200.140678 
60434173719 1016.622914 60434173726 278.731678 
60490473891 597.622914 60490473884 91.051678 
60532108699 267.622914 60532108711 354.976678 
60590214044 544.622914 60590214035 177.853678 
60789860323 521.622914 60789860333 100.435678 
60869095595 180.622914 60869095602 -0.442322 
60914935858 308.622914 60914935866 268.174678 
61203283968 -0.377086 61203283968 -0.442322 
61387830493 337.622914 61387830520 94.570678 
61559465341 541.622914 61559465349 76.975678 
61577184272 468.622914 61577184276 187.237678 
61782645396 551.622914 61782645424 223.600678 
61862987971 352.622914 61862987977 203.659678 
62115059645 542.622914 62115059651 81.667678 
62269329480 451.622914 62269329490 218.908678 
62277025792 -0.377086 62277025792 -0.442322 
62293368568 578.622914 62293368587 152.047678 
62475978311 257.622914 62475978320 176.680678 
62553000914 356.622914 62553000922 242.368678 
62603143272 220.622914 62603143284 183.718678 
62710774261 130.622914 62710774259 217.735678 
62766804387 310.622914 62766804380 191.929678 
62800986574 561.622914 62800986564 93.397678 
62961753641 172.622914 62961753657 100.435678 
63350767616 -0.377086 63350767616 -0.442322 
63360398976 171.622914 63360399002 130.933678 
63427571919 126.622914 63427571922 127.414678 
63752178465 566.622914 63752178486 74.629678 
63791090729 587.622914 63791090735 204.832678 
63827267515 562.622914 63827267508 128.587678 
64192078493 178.622914 64192078499 139.144678 
64334293943 120.622914 64334293951 146.182678 
64352024475 246.622914 64352024484 114.511678 
64373416580 169.622914 64373416608 73.456678 
64396600607 91.622914 64396600613 245.887678 
64416147117 609.622914 64416147127 109.819678 
64424509440 -0.377086 64424509440 -0.442322 
64454475903 -0.377086 64454475911 210.697678 
64489565418 486.622914 64489565438 503.947678 
64531861327 104.622914 64531861330 215.389678 
64582617099 622.622914 64582617118 249.406678 
65498251264 -0.377086 65498251264 -0.442322 
65545826905 451.622914 65545826915 96.916678 
65660616482 645.622914 65660616480 78.148678 
65695750915 60.622914 65695750935 129.760678 
65818431624 326.622914 65818431627 92.224678 
66104337974 400.622914 66104337985 255.271678 
66287796896 -0.377086 66287796884 122.722678 
66571993088 -0.377086 66571993088 -0.442322 
66699975383 636.622914 66699975404 155.566678 
66714572434 1824.622914 66714572445 379.609678 
66716769050 611.622914 66716769064 221.254678 
66840764590 623.622914 66840764619 133.279678 
66893975632 147.622914 66893975621 143.836678 
66982031966 231.622914 66982031972 107.473678 
67214900710 101.622914 67214900726 102.781678 
67242746055 292.622914 67242746060 303.364678 
67317169915 124.622914 67317169920 139.144678 
67333182482 113.622914 67333182488 149.701678 
67347653139 135.622914 67347653147 112.165678 
67463407851 204.622914 67463407848 339.727678 
67527554068 145.622914 67527554078 160.258678 
67581721162 562.622914 67581721182 245.887678 
67645734912 -0.377086 67645734912 -0.442322 
67747975948 185.622914 67747975956 85.186678 
67780832239 565.622914 67780832250 188.410678 
67795519984 333.622914 67795519994 264.655678 
67841628360 531.622914 67841628387 147.355678 
67972848265 566.622914 67972848266 91.051678 
68081626503 569.622914 68081626499 118.030678 
68088839335 302.622914 68088839342 222.427678 
68129838015 306.622914 68129838022 193.102678 
68205136027 243.622914 68205136056 107.473678 
68494537204 280.622914 68494537210 135.625678 
68524898526 517.622914 68524898518 217.735678 
68613230461 607.622914 68613230464 510.985678 
68667023589 545.622914 68667023588 141.490678 
68682304561 307.622914 68682304567 169.642678 
68719476736 -0.377086 68719476736 -0.442322 
68835748943 563.622914 68835748963 224.773678 
68869750149 348.622914 68869750157 229.465678 
69184687071 572.622914 69184687078 191.929678 
69361689029 148.622914 69361689036 130.933678 
69410768367 500.622914 69410768394 171.988678 
69458703888 604.622914 69458703906 187.237678 
69575733982 548.622914 69575733995 115.684678 
69605932325 254.622914 69605932345 73.456678 
69661485239 311.622914 69661485251 128.587678 
69691745629 158.622914 69691745642 142.663678 
69793218560 -0.377086 69793218560 -0.442322 
69896584240 615.622914 69896584239 210.697678 
69964555972 559.622914 69964555969 98.089678 
69994590213 307.622914 69994590219 98.089678 
70037114624 183.622914 70037114633 284.596678 
70230284621 597.622914 70230284625 162.604678 
70430910421 533.622914 70430910446 155.566678 
70625185077 588.622914 70625185087 164.950678 
70629541591 587.622914 70629541579 271.693678 
70652308326 158.622914 70652308337 73.456678 
70737891208 442.622914 70737891214 182.545678 
70829086544 647.622914 70829086560 157.912678 
70866960384 -0.377086 70866960384 -0.442322 
70952244986 308.622914 70952244994 80.494678 
70999821971 516.622914 70999821976 164.950678 
71043553728 582.622914 71043553726 76.975678 
71044988905 422.622914 71044988910 150.874678 
71125286411 293.622914 71125286434 141.490678 
71128226598 590.622914 71128226616 187.237678 
71190355830 426.622914 71190355836 156.739678 
71200075968 242.622914 71200075986 147.355678 
71283021062 332.622914 71283021068 106.300678 
71353466152 641.622914 71353466148 112.165678 
71411568797 260.622914 71411568786 107.473678 
71451580130 622.622914 71451580124 112.165678 
71481580334 376.622914 71481580342 229.465678 
71559540462 145.136778 71559540469 171.418440 
71700517216 223.136778 71700517209 230.068440 
71940702208 0.136778 71940702208 0.160440 
71989678773 249.136778 71989678779 176.110440 
72357203706 618.136778 72357203710 130.363440 
72441885948 88.136778 72441885952 171.418440 
72470377709 602.136778 72470377714 109.249440 
72538699941 324.136778 72538699953 149.131440 
72616029771 229.136778 72616029775 105.730440 
72854291471 351.136778 72854291468 287.545440 
72863475726 299.136778 72863475731 309.832440 
73014444032 0.136778 73014444032 0.160440 
73175099098 256.136778 73175099095 254.701440 
73399531864 543.136778 73399531892 129.190440 
73757901923 518.136778 73757901948 176.110440 
73792338415 52.136778 73792338434 144.439440 
73879628520 530.136778 73879628518 181.975440 
73889732626 522.136778 73889732621 101.038440 
73893481411 323.136778 73893481404 101.038440 
74063351621 159.136778 74063351610 140.920440 
74088185856 0.136778 74088185856 0.160440 
74895495955 348.136778 74895495962 159.688440 
74934397929 97.136778 74934397938 120.979440 
75008717534 476.136778 75008717534 167.899440 
75102190863 0.136778 75102190871 280.507440 
75161927680 0.136778 75161927680 0.160440 
75396442125 186.136778 75396442135 149.131440 
75453326968 455.136778 75453326975 97.519440 
75721968438 75.136778 75721968444 94.000440 
75743709078 197.136778 75743709103 96.346440 
75757872052 581.136778 75757872071 190.186440 
75773315496 512.136778 75773315504 82.270440 
76027118859 582.136778 76027118875 120.979440 
76070486152 539.136778 76070486151 272.296440 
76235669504 0.136778 76235669504 0.160440 
76388340639 610.136778 76388340658 124.498440 
76441563826 400.136778 76441563837 167.899440 
76713900880 558.136778 76713900873 171.418440 
76989210789 546.136778 76989210784 203.089440 
77152610795 252.136778 77152610801 163.207440 
77308193744 286.136778 77308193749 154.996440 
77309411328 0.136778 77309411328 0.160440 
77310485401 96.136778 77310485422 146.785440 
77362063015 391.136778 77362063024 228.895440 
77474323214 602.136778 77474323225 83.443440 
77616375137 620.136778 77616375158 158.515440 
77745634322 634.136778 77745634350 94.000440 
77787659980 567.136778 77787659991 115.114440 
77828709104 93.136778 77828709113 169.072440 
78184145205 373.136778 78184145203 77.578440 
78252112790 149.136778 78252112796 165.553440 
78383153152 0.136778 78383153152 0.160440 
78427905492 117.136778 78427905485 128.017440 
78459837081 287.136778 78459837085 76.405440 
78534075315 595.136778 78534075304 139.747440 
78899391143 536.136778 78899391145 197.224440 
78931241368 181.136778 78931241374 122.152440 
78944305830 545.136778 78944305844 85.789440 
79104435188 613.136778 79104435207 232.414440 
79122423362 623.136778 79122423373 156.169440 
79155125073 71.136778 79155125093 132.709440 
79384442988 346.136778 79384442996 99.865440 
79456894976 0.136778 79456894976 0.160440 
79492512831 629.136778 79492512846 147.958440 
79750415402 425.136778 79750415410 234.760440 
80098114587 165.136778 80098114594 322.735440 
80276789027 170.136778 80276789032 228.895440 
80394668357 222.136778 80394668376 68.194440 
80409626242 583.136778 80409626271 147.958440 
80430915474 102.136778 80430915464 199.570440 
80530636800 0.136778 80530636800 0.160440 
80599790028 550.136778 80599790046 157.342440 
80786366639 539.136778 80786366655 112.768440 
81039531861 241.136778 81039531872 298.102440 
81113147466 476.136778 81113147474 90.481440 
81248318054 632.136778 81248318081 184.321440 
81287987803 484.136778 81287987792 162.034440 
81325666548 605.136778 81325666573 167.899440 
81356046469 367.136778 81356046477 171.418440 
81371493378 581.136778 81371493390 165.553440 
81604378624 0.136778 81604378624 0.160440 
81746487076 90.136778 81746487088 128.017440 
82139364202 138.136778 82139364209 129.190440 
82155624838 121.136778 82155624836 130.363440 
82585477338 586.136778 82585477363 204.262440 
82615314279 136.136778 82615314286 164.380440 
82678120448 0.136778 82678120448 0.160440 
82784298453 431.136778 82784298454 163.207440 
82927415161 548.136778 82927415189 264.085440 
82982026801 642.136778 82982026807 227.722440 
83162139871 641.136778 83162139871 205.435440 
83477357297 619.136778 83477357324 106.903440 
83581544916 604.136778 83581544942 133.882440 
83606368143 293.136778 83606368150 166.726440 
83651118229 395.136778 83651118237 131.536440 
83751862272 0.136778 83751862272 0.160440 
83946165711 634.136778 83946165723 210.127440 
84160556552 338.136778 84160556557 132.709440 
84361882215 599.650642 84361882208 215.422203 
84388138262 588.650642 84388138257 146.215203 
84616575349 614.650642 84616575355 99.295203 
84617461824 54.650642 84617461851 121.582203 
84825604096 -0.349358 84825604096 -0.409797 
84844865792 304.650642 84844865796 270.553203 
84877741121 123.650642 84877741116 207.211203 
84937217235 208.650642 84937217244 208.384203 
85264106550 562.650642 85264106545 167.329203 
85342729242 262.650642 85342729254 100.468203 
85604736555 574.650642 85604736558 194.308203 
85639885175 597.650642 85639885201 199.000203 
85741225222 420.650642 85741225229 172.021203 
85899345920 -0.349358 85899345920 -0.409797 
85941524620 77.650642 85941524618 121.582203 
86014361113 569.650642 86014361132 88.738203 
86033803883 195.650642 86033803889 109.852203 
86124879445 182.650642 86124879465 197.827203 
86266967116 622.650642 86266967135 86.392203 
86362907980 358.650642 86362907987 152.080203 
86452396767 44.650642 86452396781 243.574203 
86739711906 199.650642 86739711919 176.713203 
86973087744 -0.349358 86973087744 -0.409797 
87136177752 597.650642 87136177739 195.481203 
87558830908 561.650642 87558830906 162.637203 
87623015755 -0.349358 87623015760 163.810203 
87632211089 599.650642 87632211115 139.177203 
87861763088 609.650642 87861763116 182.578203 
87866404699 585.650642 87866404706 163.810203 
87926581454 387.650642 87926581469 128.620203 
87993347657 155.650642 87993347663 221.287203 
88026873217 523.650642 88026873243 257.650203 
88046829568 -0.349358 88046829568 -0.409797 
88133548617 552.650642 88133548611 148.561203 
88465510114 525.650642 88465510141 113.371203 
88556437968 563.650642 88556437965 215.422203 
88559199031 623.650642 88559199056 199.000203 
88635989041 65.650642 88635989031 89.911203 
88638662217 216.650642 88638662214 45.337203 
88655837252 107.650642 88655837265 250.612203 
88811890984 352.650642 88811890993 111.025203 
88813055215 611.650642 88813055243 108.679203 
88919986210 138.650642 88919986209 118.063203 
88934155641 245.650642 88934155648 244.747203 
89106629199 640.650642 89106629195 214.249203 
89120571392 -0.349358 89120571392 -0.409797 
89248018982 375.650642 89248018990 113.371203 
89650692455 560.650642 89650692446 93.430203 
89893603032 570.650642 89893603049 145.042203 
90084747717 253.650642 90084747709 206.038203 
90112885876 310.650642 90112885885 182.578203 
90194313216 -0.349358 90194313216 -0.409797 
90310633416 490.650642 90310633432 103.987203 
90379382070 73.650642 90379382087 169.675203 
90403214797 55.650642 90403214785 105.160203 
90463060640 -0.349358 90463060636 1044.733203 
90553084874 162.650642 90553084878 515.710203 
90757894766 217.650642 90757894778 204.865203 
90761769105 585.650642 90761769128 197.827203 
90985850077 547.650642 90985850082 89.911203 
91075157931 259.650642 91075157932 336.241203 
91268055040 -0.349358 91268055040 -0.409797 
91280320483 575.650642 91280320476 306.916203 
91653059972 643.650642 91653059990 197.827203 
91699483041 233.650642 91699483066 122.755203 
91753409206 592.650642 91753409202 645.913203 
91953843760 550.650642 91953843765 92.257203 
91998976997 610.650642 91998977020 194.308203 
92158041596 326.650642 92158041604 147.388203 
92329842584 238.650642 92329842592 181.405203 
92341796864 -0.349358 92341796864 -0.409797 
92467336348 218.650642 92467336355 147.388203 
92481491673 207.650642 92481491680 157.945203 
92680738760 205.650642 92680738750 190.789203 
92714045443 615.650642 92714045451 112.198203 
92720786817 258.650642 92720786823 224.806203 
92770333548 623.650642 92770333556 125.101203 
93001657647 626.650642 93001657642 143.869203 
93054312301 114.650642 93054312305 129.793203 
93055997549 377.650642 93055997563 129.793203 
93063994209 600.650642 93063994234 96.949203 
93105534202 276.650642 93105534216 100.468203 
93415538688 -0.349358 93415538688 -0.409797 
93712369691 421.650642 93712369703 303.397203 
93802446745 139.650642 93802446750 189.616203 
94167547140 206.650642 94167547162 262.342203 
94240192055 541.650642 94240192056 152.080203 
94269690280 553.650642 94269690270 128.620203 
94270846418 198.650642 94270846416 127.447203 
94376074943 570.650642 94376074946 58.240203 
94385473837 403.650642 94385473853 164.983203 
94407210357 118.650642 94407210347 73.489203 
94438745494 643.650642 94438745510 311.608203 
94489280512 -0.349358 94489280512 -0.409797 
94655613992 575.650642 94655614019 304.570203 
94869979288 332.650642 94869979288 114.544203 
95313610285 43.650642 95313610282 274.072203 
95327979328 562.650642 95327979336 148.561203 
95379771286 63.650642 95379771284 202.519203 
95451501943 147.650642 95451501953 225.979203 
95486686803 556.650642 95486686798 102.814203 
95499953718 593.650642 95499953734 162.637203 
95563022336 -0.349358 95563022336 -0.409797 
95747190291 282.650642 95747190299 123.928203 
96101457502 559.650642 96101457529 230.671203 
96136263525 530.650642 96136263554 172.021203 
96314771698 313.650642 96314771707 176.713203 
96412461960 359.650642 96412461970 112.198203 
96467033282 341.650642 96467033290 111.025203 
96518229913 403.650642 96518229921 244.747203 
96636764160 -0.349358 96636764160 -0.409797 
96663878265 355.650642 96663878267 195.481203 
96741468937 -0.349358 96741468950 167.329203 
96766561699 279.650642 96766561704 156.772203 
97030763160 226.164507 97030763156 109.281966 
97129004213 210.164507 97129004223 233.619966 
97222628459 589.164507 97222628461 184.353966 
97231813293 625.164507 97231813304 126.876966 
97285115291 513.164507 97285115305 96.378966 
97337434213 313.164507 97337434222 160.893966 
97458223689 358.164507 97458223686 199.602966 
97505203461 565.164507 97505203480 469.392966 
97547922152 117.164507 97547922151 102.243966 
97710505984 0.164507 97710505984 0.192966 
97743775588 595.164507 97743775601 185.526966 
97845829459 113.164507 97845829466 113.973966 
98080798944 536.164507 98080798952 130.395966 
98187995671 567.164507 98187995699 166.758966 
98230180917 371.164507 98230180924 233.619966 
98343088938 102.164507 98343088932 136.260966 
98392105263 598.164507 98392105261 103.416966 
98577750879 216.164507 98577750889 117.492966 
98698549109 195.164507 98698549118 207.813966 
98729133933 467.164507 98729133950 142.125966 
98784247808 0.164507 98784247808 0.192966 
98920071533 533.164507 98920071544 103.416966 
99073557684 532.164507 99073557706 125.703966 
99109181841 618.164507 99109181832 166.758966 
99260285386 222.164507 99260285376 115.146966 
99274007552 363.164507 99274007561 94.032966 
99610324010 152.164507 99610324033 62.361966 
99857989632 0.164507 99857989632 0.192966 
99877651746 633.164507 99877651759 94.032966 
99928009784 580.164507 99928009810 125.703966 
100005861485 96.164507 100005861505 328.632966 
100252339483 241.164507 100252339498 104.589966 
100285566589 318.164507 100285566599 136.260966 
100436488011 71.164507 100436488030 220.716966 
100484172536 198.164507 100484172553 115.146966 
100545564617 580.164507 100545564633 162.066966 
100625345673 559.164507 100625345677 135.087966 
100931731456 0.164507 100931731456 0.192966 
100944054245 596.164507 100944054244 207.813966 
100993529612 577.164507 100993529605 253.560966 
101078639578 400.164507 101078639583 158.547966 
101113205385 567.164507 101113205401 142.125966 
101400110459 275.164507 101400110477 140.952966 
101463394498 151.164507 101463394517 254.733966 
101505537093 656.164507 101505537108 98.724966 
101506555942 491.164507 101506555944 104.589966 
101632533996 51.164507 101632534002 142.125966 
101790756092 500.164507 101790756116 274.674966 
101841988456 217.164507 101841988462 165.585966 
101975129450 246.164507 101975129450 190.218966 
102005473280 0.164507 102005473280 0.192966 
102068163378 557.164507 102068163396 104.589966 
102283483201 210.164507 102283483193 129.222966 
102298236262 150.164507 102298236252 169.104966 
102679019498 419.164507 102679019504 264.117966 
102717576943 610.164507 102717576942 167.931966 
102936842757 600.164507 102936842751 184.353966 
103077966970 610.164507 103077966979 272.328966 
103079215104 0.164507 103079215104 0.192966 
103173948761 130.164507 103173948772 135.087966 
103283959341 157.164507 103283959351 237.138966 
103370960664 54.164507 103370960678 193.737966 
103388172612 643.164507 103388172610 108.108966 
103631157219 415.164507 103631157227 244.176966 
103694562935 1213.164507 103694562961 180.834966 
103866473783 257.164507 103866473791 139.779966 
103909377532 573.164507 103909377553 199.602966 
103910112679 317.164507 103910112705 156.201966 
104152956928 0.164507 104152956928 0.192966 
104474940574 103.164507 104474940598 170.277966 
104488012916 311.164507 104488012924 164.412966 
104605774421 199.164507 104605774448 132.741966 
104757768278 595.164507 104757768275 132.741966 
104886410497 322.164507 104886410505 183.180966 
104949435100 255.164507 104949435106 160.893966 
104990323554 552.164507 104990323552 109.281966 
105121503542 593.164507 105121503533 86.994966 
105226698752 0.164507 105226698752 0.192966 
105271582799 527.164507 105271582816 149.163966 
105433816325 571.164507 105433816345 0.192966 
105574799078 149.164507 105574799079 1535.649966 
105709916350 169.164507 105709916366 243.003966 
106300440576 0.164507 106300440576 0.192966 
106387096968 580.164507 106387096958 182.007966 
106390125809 503.164507 106390125803 176.142966 
106414572748 242.164507 106414572759 105.762966 
106707472716 574.164507 106707472704 124.530966 
106751368532 0.164507 106751368529 109.281966 
106802368211 537.164507 106802368206 284.058966 
106858888970 560.164507 106858888973 196.083966 
106861577303 530.164507 106861577310 137.433966 
106911606505 546.164507 106911606534 72.918966 
107374182400 0.164507 107374182400 0.192966 
107504193057 624.164507 107504193054 189.045966 
107858202347 134.164507 107858202341 146.817966 
107887490593 569.164507 107887490585 119.838966 
107893564587 374.164507 107893564592 124.530966 
107999800474 606.164507 107999800503 160.893966 
108103847206 179.164507 108103847222 180.834966 
108104613933 51.164507 108104613929 213.678966 
108138751541 616.164507 108138751552 135.087966 
108230304597 77.164507 108230304605 152.682966 
108447924224 0.164507 108447924224 0.192966 
108622013241 670.164507 108622013270 182.007966 
108702197383 211.164507 108702197406 121.011966 
108911678396 570.164507 108911678399 146.817966 
108947196643 448.164507 108947196669 138.606966 
109464053004 107.164507 109464052991 162.066966 
109476786184 557.678371 109476786193 188.475729 
109489890821 395.678371 109489890829 147.420729 
109521666048 -0.321629 109521666048 -0.377271 
109573593886 553.678371 109573593882 191.994729 
110006666626 165.678371 110006666635 102.846729 
110247810431 517.678371 110247810456 160.323729 
110588280849 375.678371 110588280858 105.192729 
110595407872 -0.321629 110595407872 -0.377271 
110903754392 637.678371 110903754384 189.648729 
110935988615 83.678371 110935988621 203.724729 
111123231257 155.678371 111123231268 167.361729 
111246127314 619.678371 111246127319 126.306729 
111556176135 373.678371 111556176143 215.454729 
111669149696 -0.321629 111669149696 -0.377271 
111800888969 539.678371 111800888981 96.981729 
112028616351 198.678371 112028616358 157.977729 
112387724226 406.678371 112387724236 183.783729 
112509131675 578.678371 112509131694 165.015729 
112618903864 200.678371 112618903875 141.555729 
112742891520 -0.321629 112742891520 -0.377271 
112766755192 154.678371 112766755206 138.036729 
112833300776 630.678371 112833300766 165.015729 
112905270429 378.678371 112905270453 150.939729 
113168082025 377.678371 113168082033 180.264729 
113185481125 94.678371 113185481120 136.863729 
113209224428 126.678371 113209224438 154.458729 
113231309505 112.678371 113231309506 159.150729 
113359772322 610.678371 113359772348 553.278729 
113417740955 66.678371 113417740983 85.251729 
113697347669 586.678371 113697347683 162.669729 
113816633344 -0.321629 113816633344 -0.377271 
113870860028 582.678371 113870860048 119.268729 
113873538943 575.678371 113873538939 160.323729 
114091615945 133.678371 114091615962 81.732729 
114290772037 236.678371 114290772044 242.433729 
114450646045 620.678371 114450646054 181.437729 
114499828281 535.678371 114499828282 136.863729 
114853781636 545.678371 114853781636 140.382729 
114890375168 -0.321629 114890375168 -0.377271 
114896756452 562.678371 114896756454 272.931729 
115162831508 438.678371 115162831529 170.880729 
115201114360 608.678371 115201114384 133.344729 
115514152267 277.678371 115514152286 194.340729 
115705765281 610.678371 115705765287 690.519729 
115863487910 84.678371 115863487898 106.365729 
115947969862 165.678371 115947969868 100.500729 
115964116992 -0.321629 115964116992 -0.377271 
115969983016 429.678371 115969983025 213.108729 
116232082711 155.678371 116232082721 165.015729 
116423151235 434.678371 116423151237 104.019729 
116561409307 592.678371 116561409331 176.745729 
116595646510 249.678371 116595646498 109.884729 
116598102823 203.678371 116598102832 165.015729 
116886643146 521.678371 116886643171 209.589729 
116928139160 134.678371 116928139165 175.572729 
117037858816 -0.321629 117037858816 -0.377271 
117144988124 559.678371 117144988133 98.154729 
117265184373 540.678371 117265184385 175.572729 
117314118125 381.678371 117314118132 218.973729 
117377320311 240.678371 117377320321 81.732729 
117391803530 547.678371 117391803532 107.538729 
117409076016 649.678371 117409076005 211.935729 
117428912859 597.678371 117428912851 156.804729 
117506410302 560.678371 117506410306 187.302729 
117751322984 398.678371 117751322982 84.078729 
117985559173 574.678371 117985559196 70.002729 
118041329030 309.678371 118041329032 191.994729 
118111600640 -0.321629 118111600640 -0.377271 
118136170022 409.678371 118136170030 204.897729 
118185410649 580.678371 118185410668 295.218729 
118646537752 560.678371 118646537750 150.939729 
118846853841 588.678371 118846853835 120.441729 
119047384543 160.678371 119047384550 193.167729 
119185342464 -0.321629 119185342464 -0.377271 
119215726437 200.678371 119215726456 111.057729 
119265208200 373.678371 119265208210 237.741729 
119604198010 622.678371 119604198005 165.015729 
119756034570 136.678371 119756034586 180.264729 
119801158979 561.678371 119801158987 100.500729 
119854339623 542.678371 119854339634 85.251729 
119883874411 199.678371 119883874420 197.859729 
119972249739 110.678371 119972249766 203.724729 
119975499864 552.678371 119975499855 67.656729 
120259084288 -0.321629 120259084288 -0.377271 
120621980996 220.678371 120621981003 186.129729 
121045865031 380.678371 121045865034 82.905729 
121056227042 61.678371 121056227055 278.796729 
121332826112 -0.321629 121332826112 -0.377271 
121394820614 289.678371 121394820631 196.686729 
121541379122 -0.321629 121541379129 118.095729 
121796692342 278.678371 121796692331 157.977729 
121981662940 80.678371 121981662930 177.918729 
122067076215 102.678371 122067076224 133.344729 
122070416955 528.678371 122070416983 160.323729 
122089547249 190.678371 122089547255 242.433729 
122406567936 0.192235 122406567936 0.225492 
122483132744 136.192235 122483132734 167.964492 
122603418597 260.192235 122603418607 241.863492 
122615305128 191.192235 122615305137 171.483492 
122855628127 213.192235 122855628153 369.720492 
123084775403 70.192235 123084775425 187.905492 
123480309760 0.192235 123480309760 0.225492 
124224633399 310.192235 124224633407 293.475492 
124324476164 252.192235 124324476169 87.027492 
124328758902 574.192235 124328758902 205.500492 
124554051584 0.192235 124554051584 0.225492 
124563726602 336.192235 124563726621 104.622492 
124774221902 398.192235 124774221917 187.905492 
124859523572 588.192235 124859523594 246.555492 
125005458775 59.192235 125005458794 77.643492 
125407264837 168.192235 125407264847 212.538492 
125444814777 213.192235 125444814782 191.424492 
125544213426 237.192235 125544213431 145.677492 
125571069788 623.192235 125571069812 115.179492 
125627793408 0.192235 125627793408 0.225492 
125865623068 182.192235 125865623088 133.947492 
125874502924 77.192235 125874502943 343.914492 
126118470752 258.192235 126118470763 178.521492 
126136619056 298.192235 126136619066 243.036492 
126492822852 228.192235 126492822863 370.893492 
126536043909 257.192235 126536043906 123.390492 
126560597928 590.192235 126560597939 280.572492 
126701535232 0.192235 126701535232 0.225492 
126723324520 282.192235 126723324509 138.639492 
126802534442 647.192235 126802534440 156.234492 
127052765259 599.192235 127052765251 194.943492 
127068475816 553.192235 127068475822 130.428492 
127072844979 0.192235 127072844984 119.871492 
127111964182 285.192235 127111964189 109.314492 
127131172089 605.192235 127131172090 197.289492 
127276264124 547.192235 127276264133 92.892492 
127303169082 136.192235 127303169095 285.264492 
127427297721 154.192235 127427297730 162.099492 
127656342704 562.192235 127656342717 160.926492 
127723643607 95.192235 127723643607 272.361492 
127775277056 0.192235 127775277056 0.225492 
127803777268 589.192235 127803777274 84.681492 
127821582566 193.192235 127821582574 125.736492 
127973167442 422.192235 127973167434 190.251492 
128234287228 625.192235 128234287244 135.120492 
128314909848 581.192235 128314909836 171.483492 
128344100686 568.192235 128344100711 322.800492 
128376498099 517.192235 128376498099 106.968492 
128532750288 338.192235 128532750276 163.272492 
128603504038 220.192235 128603504026 124.563492 
128626300179 81.192235 128626300195 196.116492 
128738803655 81.192235 128738803654 97.584492 
128834057858 253.192235 128834057855 251.247492 
128849018880 0.192235 128849018880 0.225492 
128897504337 607.192235 128897504339 87.027492 
129045307601 56.192235 129045307605 92.892492 
129161108877 143.192235 129161108906 411.948492 
129313495726 144.192235 129313495750 164.445492 
129372351981 168.192235 129372351973 126.909492 
129559592702 66.192235 129559592706 151.542492 
129658425809 630.192235 129658425802 69.432492 
129922760704 0.192235 129922760704 0.225492 
129923606241 91.192235 129923606239 145.677492 
130078564342 347.192235 130078564351 262.977492 
130102757213 520.192235 130102757227 172.656492 
130189737607 154.192235 130189737618 77.643492 
130321938234 549.192235 130321938222 108.141492 
130767983389 533.192235 130767983391 183.213492 
130996502528 0.192235 130996502528 0.225492 
131046386945 522.192235 131046386971 164.445492 
131116620756 573.192235 131116620785 121.044492 
131367482131 219.192235 131367482138 156.234492 
131425138832 899.192235 131425138831 200.808492 
131563643645 354.192235 131563643652 115.179492 
131621648019 356.192235 131621648027 234.825492 
131622340355 101.192235 131622340377 156.234492 
131631177306 173.192235 131631177323 268.842492 
132003588317 613.192235 132003588329 173.829492 
132070244352 0.192235 132070244352 0.225492 
132157338388 400.192235 132157338401 88.200492 
132292534927 296.192235 132292534938 295.821492 
132296486170 139.192235 132296486178 323.973492 
132393571078 62.192235 132393571080 182.040492 
132579599754 179.192235 132579599777 435.408492 
132969975290 211.192235 132969975305 200.808492 
133143986176 0.192235 133143986176 0.225492 
133232280830 104.192235 133232280834 91.719492 
133294166339 569.192235 133294166366 163.272492 
133400398640 245.192235 133400398645 150.369492 
133518095091 138.192235 133518095099 177.348492 
133652605773 251.192235 133652605777 101.103492 
133767649674 487.192235 133767649695 162.099492 
134164815092 588.192235 134164815120 119.871492 
134217728000 0.192235 134217728000 0.225492 
134253536159 391.192235 134253536165 148.023492 
134285058345 596.192235 134285058346 64.740492 
134513914431 237.192235 134513914430 78.816492 
134601933888 591.192235 134601933881 185.559492 
134639620965 497.192235 134639620961 226.614492 
134721240559 179.192235 134721240573 157.407492 
134776810681 78.706099 134776810689 128.685255 
134961835714 250.706099 134961835733 125.166255 
135136196478 665.706099 135136196473 243.639255 
135291469824 -0.293901 135291469824 -0.344745 
135305595205 631.706099 135305595216 140.415255 
135318365894 273.706099 135318365900 156.837255 
135484924185 187.706099 135484924174 121.647255 
135517573704 599.706099 135517573698 472.374255 
135711712132 504.706099 135711712135 188.508255 
135936761245 431.706099 135936761253 237.774255 
136030134054 631.706099 136030134058 131.031255 
136060721690 594.706099 136060721694 168.567255 
136103293206 597.706099 136103293227 115.782255 
136241525427 526.706099 136241525422 165.048255 
136255308694 615.706099 136255308705 87.630255 
136280066522 138.706099 136280066546 112.263255 
136359613579 546.706099 136359613606 1989.063255 
136365211648 -0.293901 136365211648 -0.344745 
136467875104 338.706099 136467875116 82.938255 
136519105504 140.706099 136519105492 162.702255 
136626841069 140.706099 136626841095 188.508255 
136942616295 86.706099 136942616313 133.377255 
137102963700 496.706099 137102963704 156.837255 
137103820367 503.706099 137103820365 135.723255 
137424518450 543.706099 137424518462 148.626255 
137438953472 -0.293901 137438953472 -0.344745 
137496248877 310.706099 137496248904 138.069255 
137799162323 400.706099 137799162330 214.314255 
137818628891 426.706099 137818628898 95.841255 
138272998198 335.706099 138272998206 217.833255 
138317572029 123.706099 138317572024 302.289255 
138512695296 -0.293901 138512695296 -0.344745 
138573244404 631.706099 138573244429 153.318255 
138652328867 538.706099 138652328878 134.550255 
138757551538 101.706099 138757551547 92.322255 
138814797976 184.706099 138814797985 219.006255 
138852238578 248.706099 138852238583 233.082255 
138956236780 569.706099 138956236783 315.192255 
138973640300 236.706099 138973640308 261.234255 
139087700962 137.706099 139087700974 186.162255 
139340391140 575.706099 139340391156 927.498255 
139414493831 272.706099 139414493841 180.297255 
139435892792 271.706099 139435892796 165.048255 
139529361027 292.706099 139529361054 106.398255 
139586437120 -0.293901 139586437120 -0.344745 
139593833349 366.706099 139593833360 262.407255 
139982333233 641.706099 139982333250 126.339255 
140026930357 130.706099 140026930384 128.685255 
140027077443 249.706099 140027077449 98.187255 
140168672449 565.706099 140168672474 227.217255 
140346742662 404.706099 140346742670 254.196255 
140470675706 571.706099 140470675696 184.989255 
140612667483 569.706099 140612667471 268.272255 
140660178944 -0.293901 140660178944 -0.344745 
140765146399 300.706099 140765146400 79.419255 
140860507051 239.706099 140860507068 87.630255 
140898579288 578.706099 140898579282 170.913255 
141115869108 429.706099 141115869115 197.892255 
141128253620 625.706099 141128253647 113.436255 
141348204235 341.706099 141348204241 119.301255 
141470445887 582.706099 141470445893 128.685255 
141594228500 335.706099 141594228506 211.968255 
141733920768 -0.293901 141733920768 -0.344745 
141968901621 528.706099 141968901612 115.782255 
142354571679 164.706099 142354571667 192.027255 
142554769361 563.706099 142554769350 97.014255 
142557158816 414.706099 142557158825 227.217255 
142562457591 -0.293901 142562457580 364.458255 
142635625037 168.706099 142635625025 187.335255 
142807662592 -0.293901 142807662592 -0.344745 
142995504797 296.706099 142995504815 118.128255 
143048691128 137.706099 143048691136 220.179255 
143337070831 255.706099 143337070847 195.546255 
143409415518 557.706099 143409415534 125.166255 
143616262631 365.706099 143616262644 107.571255 
143649242321 452.706099 143649242327 175.605255 
143665083454 270.706099 143665083467 125.166255 
143705285117 433.706099 143705285124 118.128255 
143821324587 615.706099 143821324601 121.647255 
143881404416 -0.293901 143881404416 -0.344745 
143913020599 288.706099 143913020611 91.149255 
143936346154 608.706099 143936346157 217.833255 
143994800728 150.706099 143994800733 179.124255 
144104908701 125.706099 144104908716 156.837255 
144243539950 427.706099 144243539944 160.356255 
144504222571 101.706099 144504222578 184.989255 
144647832312 252.706099 144647832299 115.782255 
144922618744 68.706099 144922618750 149.799255 
144955146240 -0.293901 144955146240 -0.344745 
144996761680 567.706099 144996761685 152.145255 
145172813700 525.706099 145172813726 226.044255 
145183619838 562.706099 145183619845 109.917255 
145190583528 263.706099 145190583534 189.681255 
145274295496 539.706099 145274295505 251.850255 
145585361061 317.706099 145585361086 88.803255 
145634165295 81.706099 145634165308 165.048255 
145648318897 190.706099 145648318889 207.276255 
145723202084 73.706099 145723202092 189.681255 
146028888064 -0.293901 146028888064 -0.344745 
146330726870 130.706099 146330726876 196.719255 
146381598517 433.706099 146381598530 421.935255 
146582515879 390.706099 146582515868 115.782255 
146602188070 553.706099 146602188072 140.415255 
146803640181 76.706099 146803640190 214.314255 
146910140282 632.706099 146910140291 204.930255 
146952099721 352.706099 146952099743 112.263255 
147102629888 -0.293901 147102629888 -0.344745 
147431878131 610.219964 147431878127 179.727018 
147512628227 325.219964 147512628236 0.258018 
147581275005 0.219964 147581275025 105.828018 
147673340916 563.219964 147673340925 123.423018 
147822023127 70.219964 147822023128 166.824018 
148034441543 581.219964 148034441571 162.132018 
148070817426 529.219964 148070817413 80.022018 
148098278819 357.219964 148098278826 83.541018 
148128017688 112.219964 148128017697 96.444018 
148176371712 0.219964 148176371712 0.258018 
148223439576 607.219964 148223439565 139.845018 
148239587537 291.219964 148239587559 271.221018 
148385124749 556.219964 148385124753 190.284018 
148544758324 563.219964 148544758339 111.693018 
148546391553 612.219964 148546391559 129.288018 
148560478030 542.219964 148560478029 180.900018 
148731459172 591.219964 148731459170 69.465018 
148970373870 500.219964 148970373868 209.052018 
149022707523 402.219964 149022707530 221.955018 
149250113536 0.219964 149250113536 0.258018 
149360327079 253.219964 149360327079 160.959018 
149508220121 152.219964 149508220113 124.596018 
149528433905 99.219964 149528433916 122.250018 
149592737520 244.219964 149592737529 278.259018 
149694434697 56.219964 149694434710 84.714018 
149802176872 139.219964 149802176877 293.508018 
149831914258 608.219964 149831914249 178.554018 
150009905885 507.219964 150009905914 193.803018 
150039398849 567.219964 150039398860 125.769018 
150110082126 90.219964 150110082130 178.554018 
150128137086 369.219964 150128137079 186.765018 
150153162486 333.219964 150153162510 157.440018 
150171517781 79.219964 150171517807 95.271018 
150192325072 662.219964 150192325084 867.105018 
150323855360 0.219964 150323855360 0.258018 
150615747647 256.219964 150615747643 131.634018 
150621667021 392.219964 150621667027 261.837018 
150625861099 122.219964 150625861092 128.115018 
150727774053 558.219964 150727774066 95.271018 
150839352282 390.219964 150839352288 223.128018 
151175568135 621.219964 151175568138 192.630018 
151328645790 303.219964 151328645801 165.651018 
151339281986 406.219964 151339281994 165.651018 
151397597184 0.219964 151397597184 0.258018 
151557555464 556.219964 151557555452 84.714018 
151636045475 505.219964 151636045469 143.364018 
151698786757 693.219964 151698786769 212.571018 
151971398421 354.219964 151971398433 175.035018 
152169358332 512.219964 152169358342 103.482018 
152471339008 0.219964 152471339008 0.258018 
152595380514 250.219964 152595380520 102.309018 
152601719853 176.219964 152601719859 110.520018 
152728794073 585.219964 152728794098 173.862018 
152986905896 604.219964 152986905908 1045.401018 
153026986232 222.219964 153026986242 91.752018 
153045053633 578.219964 153045053637 169.170018 
153074532325 645.219964 153074532338 542.184018 
153206802566 74.219964 153206802587 205.533018 
153416121821 36.219964 153416121815 118.731018 
153545080832 0.219964 153545080832 0.258018 
153665439936 556.219964 153665439961 149.229018 
153670082131 161.219964 153670082142 192.630018 
153890529895 564.219964 153890529923 138.672018 
154126757508 591.219964 154126757515 105.828018 
154169811363 559.219964 154169811364 114.039018 
154295634786 166.219964 154295634793 119.904018 
154405717176 564.219964 154405717194 227.820018 
154409660063 619.219964 154409660055 180.900018 
154450917687 84.219964 154450917682 89.406018 
154618822656 0.219964 154618822656 0.258018 
154703014416 107.219964 154703014413 246.588018 
154774622642 375.219964 154774622652 230.166018 
155130782689 85.219964 155130782698 282.951018 
155634992187 522.219964 155634992198 90.579018 
155692564480 0.219964 155692564480 0.258018 
155773370934 573.219964 155773370938 135.153018 
155810978744 81.219964 155810978755 141.018018 
155961012619 69.219964 155961012634 94.098018 
155978633223 406.219964 155978633228 228.993018 
155989231043 622.219964 155989231047 165.651018 
156049046092 309.219964 156049046100 116.385018 
156328242377 384.219964 156328242387 95.271018 
156428788315 512.219964 156428788309 165.651018 
156479633673 274.219964 156479633681 225.474018 
156514011342 0.219964 156514011351 118.731018 
156654051005 326.219964 156654051013 170.343018 
156766306304 0.219964 156766306304 0.258018 
157155482347 552.219964 157155482371 139.845018 
157172953676 148.219964 157172953684 176.208018 
157249108225 627.219964 157249108253 352.158018 
157254122565 631.219964 157254122565 183.246018 
157428223846 431.219964 157428223846 96.444018 
157483842818 71.219964 157483842811 144.537018 
157505031573 617.219964 157505031570 107.001018 
157529810342 159.219964 157529810355 94.098018 
157530753305 531.219964 157530753323 164.478018 
157637100948 632.219964 157637100965 312.276018 
157707834090 188.219964 157707834095 119.904018 
157733378584 553.219964 157733378591 324.006018 
157802929322 561.219964 157802929330 136.326018 
157840048128 0.219964 157840048128 0.258018 
157845065434 499.219964 157845065437 110.520018 
157900233311 38.219964 157900233335 160.959018 
157938044116 344.219964 157938044138 125.769018 
157968624827 357.219964 157968624823 165.651018 
158025448266 409.219964 158025448273 248.934018 
158312731438 169.219964 158312731445 173.862018 
158452087982 128.219964 158452087995 118.731018 
158516027333 336.219964 158516027341 146.883018 
158520356148 600.219964 158520356165 89.406018 
158559813375 84.219964 158559813376 230.166018 
158750281000 353.219964 158750280998 145.710018 
158913789952 0.219964 158913789952 0.258018 
159258773944 562.219964 159258773938 78.849018 
159283276016 490.219964 159283276025 102.309018 
159402450272 69.219964 159402450282 173.862018 
159548577089 110.219964 159548577096 172.689018 
159668352005 179.219964 159668352007 523.416018 
159987531776 -0.266172 159987531776 -0.312220 
160063485162 321.733828 160063485187 175.637780 
160190963635 588.733828 160190963663 214.346780 
160223927079 571.733828 160223927085 72.413780 
160366961841 309.733828 160366961850 93.527780 
160598062359 623.733828 160598062352 242.498780 
160688203063 537.733828 160688203088 146.312780 
160694535635 181.733828 160694535628 251.882780 
160767249120 585.733828 160767249117 282.380780 
160900429664 304.733828 160900429667 153.350780 
160976148430 148.733828 160976148443 210.827780 
160985744062 457.733828 160985744055 106.430780 
160992484491 221.733828 160992484491 114.641780 
161061273600 -0.266172 161061273600 -0.312220 
161222959830 527.733828 161222959835 100.565780 
161274908507 580.733828 161274908524 175.637780 
161423510699 403.733828 161423510704 213.173780 
161487232151 161.733828 161487232159 136.928780 
161756326051 272.733828 161756326061 219.038780 
161945729810 576.733828 161945729801 229.595780 
162076897852 338.733828 162076897869 365.663780 
162100286343 255.733828 162100286353 131.063780 
162135015424 -0.266172 162135015424 -0.312220 
162135082470 100.733828 162135082494 187.367780 
162172662496 544.733828 162172662500 219.038780 
162303795912 613.733828 162303795905 51.299780 
162379600888 639.733828 162379600886 78.278780 
162420850319 350.733828 162420850328 307.013780 
162721861486 395.733828 162721861491 236.633780 
162740284786 119.733828 162740284812 156.869780 
163186010504 444.733828 163186010511 78.278780 
163208757248 -0.266172 163208757248 -0.312220 
163408593697 108.733828 163408593689 129.890780 
163669700897 255.733828 163669700903 272.996780 
163689961707 545.733828 163689961694 146.312780 
163770072763 227.733828 163770072768 274.169780 
163826063406 567.733828 163826063430 186.194780 
163905549574 575.733828 163905549601 196.751780 
163928519985 29.733828 163928519992 167.426780 
164127423034 530.733828 164127423040 82.970780 
164192901852 111.733828 164192901840 114.641780 
164246680612 524.733828 164246680606 172.118780 
164282499072 -0.266172 164282499072 -0.312220 
164465594203 82.733828 164465594207 167.426780 
164497733928 297.733828 164497733940 195.578780 
164628437443 66.733828 164628437454 111.122780 
164730204897 556.733828 164730204888 185.021780 
164777494182 259.733828 164777494208 148.658780 
164856815763 558.733828 164856815781 112.295780 
164870513722 145.733828 164870513721 80.624780 
165356240896 -0.266172 165356240896 -0.312220 
165383430735 249.733828 165383430725 209.654780 
165584677959 -0.266172 165584677967 197.924780 
165620133284 628.733828 165620133278 60.683780 
165631386449 608.733828 165631386446 133.409780 
165669884662 569.733828 165669884668 127.544780 
166009457486 167.733828 166009457499 185.021780 
166040779447 380.733828 166040779452 152.177780 
166085184808 375.733828 166085184814 166.253780 
166429982720 -0.266172 166429982720 -0.312220 
166463909110 636.733828 166463909100 64.202780 
166485145718 652.733828 166485145740 167.426780 
166550169965 609.733828 166550169960 319.916780 
166964256102 187.733828 166964256108 212.000780 
167192067063 293.733828 167192067072 261.266780 
167331613074 606.733828 167331613069 85.316780 
167503724544 -0.266172 167503724544 -0.312220 
167505432407 543.733828 167505432411 181.502780 
167593838232 249.733828 167593838247 139.274780 
168251423116 182.733828 168251423132 229.595780 
168395248281 254.733828 168395248305 405.545780 
168431719015 250.733828 168431719017 166.253780 
168506593570 558.733828 168506593581 508.769780 
168577466368 -0.266172 168577466368 -0.312220 
168603366175 354.733828 168603366186 143.966780 
168734967107 167.733828 168734967123 168.599780 
168788369010 589.733828 168788369018 380.912780 
168949814068 438.733828 168949814076 221.384780 
168991044019 533.733828 168991044011 196.751780 
169428084129 106.733828 169428084127 207.308780 
169431339743 247.733828 169431339750 223.730780 
169651208192 -0.266172 169651208192 -0.312220 
169676804789 463.733828 169676804799 93.527780 
169730335497 523.733828 169730335521 195.578780 
169831441942 584.733828 169831441954 133.409780 
169933029790 76.733828 169933029797 114.641780 
170202460094 609.733828 170202460112 275.342780 
170266952719 576.733828 170266952726 72.413780 
170359270615 202.733828 170359270635 139.274780 
170427537428 381.733828 170427537440 99.392780 
170471328091 572.733828 170471328118 113.468780 
170577386948 110.733828 170577386952 140.447780 
170583775968 555.733828 170583775979 291.764780 
170626653995 120.733828 170626654003 160.388780 
170724950016 -0.266172 170724950016 -0.312220 
170883667424 556.733828 170883667448 360.971780 
170903835798 171.733828 170903835788 185.021780 
171105551042 570.733828 171105551051 216.692780 
171151367183 168.733828 171151367190 93.527780 
171465852694 241.733828 171465852700 189.713780 
171471524578 630.733828 171471524583 97.046780 
171798691840 -0.266172 171798691840 -0.312220 
171923275066 253.733828 171923275082 140.447780 
171925525214 667.733828 171925525217 177.983780 
172222184184 444.733828 172222184190 97.046780 
172292892834 503.733828 172292892845 134.582780 
172671049813 361.247692 172671049839 376.823543 
172701994123 532.247692 172701994144 89.438543 
172739665497 272.247692 172739665523 151.607543 
172790466231 649.247692 172790466248 158.645543 
172800792765 222.247692 172800792772 114.071543 
172872433664 0.247692 172872433664 0.290543 
172872453029 622.247692 172872453046 130.493543 
172886969548 608.247692 172886969575 186.797543 
172990123788 545.247692 172990123798 300.578543 
173574005929 330.247692 173574005934 293.540543 
173633628940 346.247692 173633628948 141.050543 
173848131857 596.247692 173848131879 125.801543 
173879070130 208.247692 173879070157 71.843543 
173898406729 376.247692 173898406728 99.995543 
173946175488 0.247692 173946175488 0.290543 
173947988583 171.247692 173947988593 137.531543 
173963196645 534.247692 173963196659 145.742543 
174017609984 275.247692 174017609993 132.839543 
174021162625 602.247692 174021162645 165.683543 
174063282991 344.247692 174063283000 122.282543 
174273305741 592.247692 174273305733 191.489543 
174290784173 582.247692 174290784167 261.869543 
174335804049 136.247692 174335804059 175.067543 
174411437564 599.247692 174411437571 103.514543 
174638333263 174.247692 174638333268 82.400543 
174639404734 239.247692 174639404726 119.936543 
174667342242 593.247692 174667342260 185.624543 
174673605446 413.247692 174673605453 94.130543 
174716275273 55.247692 174716275263 148.088543 
174775639081 183.247692 174775639093 183.278543 
175019917312 0.247692 175019917312 0.290543 
175393870573 220.247692 175393870582 108.206543 
175470873233 368.247692 175470873244 210.257543 
175548473683 419.247692 175548473679 108.206543 
175717945103 127.247692 175717945115 142.223543 
175816060544 608.247692 175816060559 193.835543 
175836502018 657.247692 175836502029 85.919543 
175851092245 133.247692 175851092254 162.164543 
175919120096 401.247692 175919120104 252.485543 
175925770638 607.247692 175925770645 172.721543 
176093659136 0.247692 176093659136 0.290543 
176099669777 205.247692 176099669770 69.497543 
176226804300 116.247692 176226804308 91.784543 
176236161711 147.247692 176236161721 186.797543 
176489020747 309.247692 176489020755 157.472543 
176580345994 172.247692 176580346012 243.101543 
176650568560 562.247692 176650568572 353.363543 
176654319338 314.247692 176654319349 217.295543 
177121769818 135.247692 177121769839 126.974543 
177167400960 0.247692 177167400960 0.290543 
177330457650 266.247692 177330457659 392.072543 
177421975168 612.247692 177421975174 82.400543 
177468574861 133.247692 177468574867 98.822543 
177722663389 375.247692 177722663398 163.337543 
177870182723 533.247692 177870182731 212.603543 
177911650290 73.247692 177911650289 98.822543 
178241142784 0.247692 178241142784 0.290543 
178369273209 265.247692 178369273217 259.523543 
178383039940 248.247692 178383039951 149.261543 
178858538830 557.247692 178858538851 124.628543 
179096150160 635.247692 179096150168 202.046543 
179148838690 127.247692 179148838718 134.012543 
179227537784 297.247692 179227537792 225.506543 
179277718799 213.247692 179277718802 65.978543 
179314884608 0.247692 179314884608 0.290543 
179503257847 403.247692 179503257856 244.274543 
179642561826 382.247692 179642561824 202.046543 
179661715890 592.247692 179661715902 245.447543 
179886578505 613.247692 179886578524 134.012543 
