59343941 551.557410 59343944 79.244842 
92841208 116.557410 92841213 163.700842 
118946760 813.557410 118946761 171.911842 
137559447 312.557410 137559457 293.903842 
156540333 559.557410 156540329 102.704842 
205436752 524.557410 205436768 95.666842 
256348208 133.557410 256348209 110.915842 
402213250 95.557410 402213254 319.709842 
462146345 252.557410 462146353 144.932842 
499872154 549.557410 499872170 182.468842 
522633484 542.557410 522633473 193.025842 
674162844 328.557410 674162852 303.287842 
724596279 253.557410 724596289 135.548842 
741187414 410.557410 741187422 235.253842 
759687480 443.557410 759687495 407.684842 
842304933 61.557410 842304952 149.624842 
882003873 123.557410 882003877 364.283842 
902747314 143.557410 902747318 102.704842 
1073741824 -0.442590 1073741824 -0.519158 
1140139382 578.557410 1140139404 239.945842 
1209483068 310.557410 1209483072 102.704842 
1384939781 575.557410 1384939789 217.658842 
1470419334 570.557410 1470419324 198.890842 
1471814672 669.557410 1471814697 178.949842 
1533002411 333.557410 1533002415 299.768842 
1596477755 286.557410 1596477766 156.662842 
1686483490 581.557410 1686483489 147.278842 
1904673211 157.557410 1904673221 241.118842 
1972810807 136.557410 1972810810 157.835842 
1986438555 258.557410 1986438561 290.384842 
2147483648 -0.442590 2147483648 -0.519158 
2322550416 663.557410 2322550441 155.489842 
2460582893 610.557410 2460582910 225.869842 
2556495994 66.557410 2556495986 101.531842 
2591218362 138.557410 2591218375 232.907842 
2886528397 202.557410 2886528420 182.468842 
3000725561 311.557410 3000725570 285.692842 
3221225472 -0.442590 3221225472 -0.519158 
3242500841 472.557410 3242500855 182.468842 
3408642408 594.557410 3408642409 366.629842 
3429878540 637.557410 3429878560 412.376842 
3535536237 658.557410 3535536254 205.928842 
3594150091 594.557410 3594150086 183.641842 
3753677295 148.557410 3753677282 259.886842 
3797543424 84.557410 3797543430 126.164842 
3835329775 586.557410 3835329777 223.523842 
3924012597 57.557410 3924012601 113.261842 
3981937991 312.557410 3981938016 170.738842 
4034061699 225.557410 4034061718 98.012842 
4294967296 -0.442590 4294967296 -0.519158 
4434442188 410.557410 4434442182 194.198842 
4642200514 106.071275 4642200524 153.746605 
4799280929 574.071275 4799280917 103.307605 
5065669854 144.071275 5065669875 463.418605 
5368709120 0.071275 5368709120 0.083605 
5522917162 61.071275 5522917172 140.843605 
5558581558 435.071275 5558581564 210.050605 
5738726551 231.071275 5738726539 157.265605 
5767190006 215.071275 5767190014 171.341605 
5831361013 221.071275 5831361010 186.590605 
5864141808 0.071275 5864141814 225.299605 
5938024781 273.071275 5938024787 105.653605 
5953912300 178.071275 5953912310 302.717605 
6214452969 640.071275 6214452962 150.227605 
6409657024 170.071275 6409657032 146.708605 
6442450944 0.071275 6442450944 0.083605 
6511514125 171.071275 6511514132 244.067605 
6761994780 0.071275 6761994808 0.083605 
6859632635 108.071275 6859632657 187.763605 
6909089990 154.071275 6909089993 342.599605 
6951041305 646.071275 6951041304 130.286605 
6990329217 195.071275 6990329237 107.999605 
7065635002 604.071275 7065635029 104.480605 
7144382477 346.071275 7144382482 298.025605 
7194473721 186.071275 7194473728 222.953605 
7212812534 561.071275 7212812555 124.421605 
7252544788 0.071275 7252544815 38435.774605 
7252548967 0.071275 7252548992 0.083605 
7252549150 0.071275 7252549171 0.083605 
7252550065 0.071275 7252550078 0.083605 
7252552526 0.071275 7252552516 0.083605 
7252552713 0.071275 7252552705 0.083605 
7252555089 0.071275 7252555112 0.083605 
7252556125 0.071275 7252556143 0.083605 
7252556757 0.071275 7252556776 0.083605 
7252557932 0.071275 7252557948 0.083605 
7252558106 0.071275 7252558130 0.083605 
7252558285 0.071275 7252558312 0.083605 
7252560670 0.071275 7252560659 0.083605 
7252560808 0.071275 7252560835 0.083605 
7252562084 0.071275 7252562102 0.083605 
7252562525 0.071275 7252562548 0.083605 
7252563164 0.071275 7252563185 0.083605 
7252563649 0.071275 7252563675 0.083605 
7252564700 0.071275 7252564723 0.083605 
7252565140 0.071275 7252565166 0.083605 
7252565283 0.071275 7252565303 0.083605 
7252566512 0.071275 7252566531 0.083605 
7252569132 0.071275 7252569151 0.083605 
7252570793 0.071275 7252570814 0.083605 
7252570932 0.071275 7252570955 0.083605 
7252571208 0.071275 7252571229 0.083605 
7252571379 0.071275 7252571407 0.083605 
7252571967 0.071275 7252571991 0.083605 
7252572855 0.071275 7252572856 0.083605 
7252574376 0.071275 7252574394 0.083605 
7276429537 187.071275 7276429544 274.565605 
7445312140 390.071275 7445312148 220.607605 
7471493988 588.071275 7471494012 198.320605 
7516192768 0.071275 7516192768 0.083605 
7516399315 94.071275 7516399322 341.426605 
7582353929 174.071275 7582353934 152.573605 
7685994069 544.071275 7685994091 167.822605 
7773550927 600.071275 7773550948 200.666605 
7887178862 347.071275 7887178856 198.320605 
7907040951 216.071275 7907040961 104.480605 
7946578021 849.071275 7946578047 544.355605 
7978179414 178.071275 7978179435 173.687605 
8230023783 247.071275 8230023789 188.936605 
8589934592 0.071275 8589934592 0.083605 
8705381218 73.071275 8705381227 137.324605 
8847943329 160.071275 8847943350 143.189605 
9069835168 357.071275 9069835171 133.805605 
9169261309 609.071275 9169261337 164.303605 
9586772104 551.071275 9586772127 123.248605 
9628578407 170.071275 9628578418 153.746605 
9644528634 657.071275 9644528641 386.000605 
9663676416 0.071275 9663676416 0.083605 
9686805018 583.071275 9686805020 171.341605 
9700723526 178.071275 9700723536 195.974605 
10010021069 166.071275 10010021084 137.324605 
10024161135 132.071275 10024161142 314.447605 
10087127827 594.071275 10087127844 221.780605 
10296256770 563.071275 10296256786 192.455605 
10305108540 57.071275 10305108560 109.172605 
10319464484 336.071275 10319464491 116.210605 
10471818663 253.071275 10471818650 105.653605 
10600567621 251.071275 10600567634 260.489605 
10677051919 605.071275 10677051926 210.050605 
10737418240 0.071275 10737418240 0.083605 
10820481904 430.071275 10820481924 251.105605 
10954324222 105.071275 10954324211 153.746605 
10983932839 652.071275 10983932852 186.590605 
11014160577 266.071275 11014160586 298.025605 
11194631254 360.071275 11194631257 321.485605 
11591048945 185.071275 11591048950 299.198605 
11741098489 262.071275 11741098495 134.978605 
11811160064 0.071275 11811160064 0.083605 
12119986311 176.071275 12119986314 177.206605 
12175538243 88.071275 12175538251 90.404605 
12209191896 292.071275 12209191906 381.308605 
12241809020 568.071275 12241809044 268.700605 
12303037893 629.071275 12303037899 192.455605 
12304883178 589.071275 12304883176 178.379605 
12330842578 393.071275 12330842575 71.636605 
12365413860 592.071275 12365413857 322.658605 
12368838205 332.071275 12368838214 293.333605 
12387051354 218.071275 12387051362 109.172605 
12468662598 414.071275 12468662605 147.881605 
12724896150 117.071275 12724896161 130.286605 
12884901888 0.071275 12884901888 0.083605 
13074809630 618.071275 13074809643 163.130605 
13149563762 550.071275 13149563782 281.603605 
13273816714 714.071275 13273816726 92.750605 
13310196457 624.071275 13310196466 113.864605 
13325486843 606.071275 13325486831 152.573605 
13331826219 125.071275 13331826242 112.691605 
13504139139 108.071275 13504139158 149.054605 
13508811312 328.071275 13508811316 96.269605 
13635315058 0.071275 13635315069 593.621605 
13663956372 295.071275 13663956378 176.033605 
13717771329 86.071275 13717771333 226.472605 
13758422104 575.071275 13758422106 112.691605 
13774366962 378.071275 13774366971 153.746605 
13943049092 142.071275 13943049101 142.016605 
13958643712 0.071275 13958643712 0.083605 
14025980000 192.071275 14025980020 259.316605 
14148775916 330.071275 14148775933 144.362605 
14175248188 665.071275 14175248213 84.539605 
14431009505 93.071275 14431009516 115.037605 
14665353750 169.071275 14665353761 186.590605 
14970152643 508.071275 14970152644 401.249605 
15032385536 0.071275 15032385536 0.083605 
15093947255 566.071275 15093947272 168.995605 
15229036288 115.071275 15229036295 306.236605 
15300369877 317.071275 15300369887 204.185605 
15493995130 63.071275 15493995131 857.546605 
15674343165 376.071275 15674343182 136.151605 
15677691612 354.071275 15677691619 302.717605 
15761384924 581.071275 15761384941 188.936605 
15841296914 174.071275 15841296916 173.687605 
16010002734 654.071275 16010002725 232.337605 
16018185300 301.071275 16018185305 130.286605 
16022089595 283.071275 16022089621 330.869605 
16060227105 312.071275 16060227133 201.839605 
16106127360 0.071275 16106127360 0.083605 
16218130787 565.071275 16218130790 119.729605 
16234801026 112.071275 16234801025 403.595605 
16250979372 271.071275 16250979394 274.565605 
16455810270 250.071275 16455810284 120.902605 
16584294033 540.071275 16584294038 172.514605 
16637304267 642.071275 16637304291 226.472605 
16762337964 276.585139 16762337985 205.961368 
16774049334 587.585139 16774049359 106.256368 
16908564555 89.585139 16908564558 197.750368 
17081915503 685.585139 17081915530 418.274368 
17159506710 290.585139 17159506713 410.063368 
17179869184 -0.414861 17179869184 -0.486632 
17221627488 583.585139 17221627488 128.543368 
17486858701 236.585139 17486858706 133.235368 
17488596603 110.585139 17488596613 112.121368 
17491129366 100.585139 17491129376 121.505368 
17528206820 79.585139 17528206810 148.484368 
17541888494 180.585139 17541888519 374.873368 
17572582415 673.585139 17572582440 197.750368 
17748751394 544.585139 17748751390 168.425368 
17777276521 664.585139 17777276524 222.383368 
17844536282 327.585139 17844536291 315.050368 
18253611008 -0.414861 18253611008 -0.486632 
18271346566 591.585139 18271346592 101.564368 
18287793934 611.585139 18287793938 176.636368 
18463666392 623.585139 18463666397 92.180368 
18494149266 215.585139 18494149279 95.699368 
18549899892 566.585139 18549899884 482.789368 
18685850629 557.585139 18685850649 184.847368 
18696876783 141.585139 18696876789 990.698368 
18718691943 592.585139 18718691961 154.349368 
18853602912 282.585139 18853602921 175.463368 
19158313847 583.585139 19158313855 134.408368 
19327352832 -0.414861 19327352832 -0.486632 
19453000782 386.585139 19453000802 100.391368 
19457591497 212.585139 19457591499 73.412368 
19715989831 533.585139 19715989837 377.219368 
19826134414 166.585139 19826134419 182.501368 
19939352361 77.585139 19939352385 207.134368 
19960747277 597.585139 19960747305 200.096368 
20050118479 615.585139 20050118480 141.446368 
20170372225 96.585139 20170372235 123.851368 
20364527122 313.585139 20364527118 86.315368 
20401094656 -0.414861 20401094656 -0.486632 
20434599465 305.585139 20434599469 152.003368 
20479952405 68.585139 20479952412 134.408368 
20483633820 544.585139 20483633847 225.902368 
20484636985 226.585139 20484636993 153.176368 
20513420194 115.585139 20513420212 152.003368 
20568344894 604.585139 20568344887 108.602368 
20620455773 149.585139 20620455781 340.856368 
21053697013 69.585139 21053697013 241.151368 
21222876985 596.585139 21222876998 139.100368 
21392603469 244.585139 21392603476 121.505368 
21474836480 -0.414861 21474836480 -0.486632 
21576896775 369.585139 21576896781 81.623368 
21690804818 567.585139 21690804825 88.661368 
21763492131 532.585139 21763492142 144.965368 
21908955010 237.585139 21908955020 326.780368 
21992572340 323.585139 21992572346 303.320368 
22006192309 72.585139 22006192321 200.096368 
22233382181 557.585139 22233382175 1109.171368 
22371060549 230.585139 22371060545 101.564368 
22548578304 -0.414861 22548578304 -0.486632 
22565783828 198.585139 22565783834 357.278368 
22647037588 318.585139 22647037598 174.290368 
22655097029 282.585139 22655097055 91.007368 
22738339689 127.585139 22738339715 150.830368 
22886644204 609.585139 22886644229 187.193368 
22904128651 552.585139 22904128654 175.463368 
23216861950 593.585139 23216861946 152.003368 
23242289568 298.585139 23242289574 257.573368 
23429660619 174.585139 23429660628 173.117368 
23484625422 372.585139 23484625449 225.902368 
23622320128 -0.414861 23622320128 -0.486632 
23717859781 548.585139 23717859810 310.358368 
23908869881 73.585139 23908869874 144.965368 
23937171873 180.585139 23937171881 147.311368 
24242590477 67.585139 24242590478 188.366368 
24288841697 537.585139 24288841710 115.640368 
24301744094 76.585139 24301744094 182.501368 
24420298479 66.585139 24420298498 315.050368 
24645420169 586.585139 24645420171 136.754368 
24696061952 -0.414861 24696061952 -0.486632 
24704853254 585.585139 24704853262 171.944368 
24718577080 324.585139 24718577100 614.165368 
24962889065 93.585139 24962889071 86.315368 
24971228221 119.585139 24971228229 197.750368 
25154376073 607.585139 25154376101 149.657368 
25168309293 623.585139 25168309287 177.809368 
25178875168 -0.414861 25178875174 141.446368 
25292405886 550.585139 25292405875 169.598368 
25388164619 548.585139 25388164628 85.142368 
25498018339 189.585139 25498018346 173.117368 
25527288791 631.585139 25527288802 119.159368 
25553870765 55.585139 25553870772 164.906368 
25634064345 642.585139 25634064369 170.771368 
25728402882 270.585139 25728402888 132.062368 
25761572711 436.585139 25761572721 204.788368 
25762688172 524.585139 25762688184 195.404368 
25769803776 -0.414861 25769803776 -0.486632 
25892994348 596.585139 25892994376 102.737368 
25927337106 167.585139 25927337108 174.290368 
26152209420 333.585139 26152209429 299.801368 
26257140991 584.585139 26257141019 474.578368 
26290204017 373.585139 26290204025 351.413368 
26302069174 382.585139 26302069170 89.834368 
26315074706 319.585139 26315074716 236.459368 
26386757654 247.585139 26386757666 123.851368 
26421276813 589.585139 26421276805 120.332368 
26423912727 238.585139 26423912736 204.788368 
26470666082 507.585139 26470666105 176.636368 
26597426422 49.585139 26597426422 120.332368 
26625070807 271.585139 26625070816 200.096368 
26749138440 380.585139 26749138455 98.045368 
26812926260 151.585139 26812926260 139.100368 
26843545600 -0.414861 26843545600 -0.486632 
26943549672 579.585139 26943549680 377.219368 
27105307856 193.585139 27105307859 295.109368 
27243392028 187.585139 27243392034 79.277368 
27339346528 148.585139 27339346538 223.556368 
27546951379 206.585139 27546951383 383.084368 
27573690460 263.585139 27573690471 86.315368 
27629822113 68.585139 27629822115 153.176368 
27673254420 588.585139 27673254415 142.619368 
27679823110 173.585139 27679823119 403.025368 
27683880503 404.585139 27683880503 204.788368 
27828696730 192.585139 27828696747 228.248368 
27850293655 119.585139 27850293664 333.818368 
27873878309 711.585139 27873878330 83.969368 
27917287424 -0.414861 27917287424 -0.486632 
27985037648 617.585139 27985037640 80.450368 
27995850562 124.585139 27995850571 98.045368 
28026131062 429.585139 28026131072 143.792368 
28114454957 215.585139 28114454955 153.176368 
28192630548 589.585139 28192630553 156.695368 
28391815493 585.585139 28391815519 291.590368 
28476012963 588.099003 28476012979 299.231131 
28481569315 346.099003 28481569321 305.096131 
28631915708 348.099003 28631915717 180.758131 
28666667700 167.099003 28666667707 257.003131 
28778718069 551.099003 28778718095 103.340131 
28991029248 0.099003 28991029248 0.116131 
29113646465 159.099003 29113646469 300.404131 
29131353956 271.099003 29131353949 100.994131 
29216356096 560.099003 29216356110 249.965131 
29237075169 606.099003 29237075194 228.851131 
29300431454 0.099003 29300431457 517.409131 
29324577108 538.099003 29324577135 518.582131 
29476308299 298.099003 29476308291 244.100131 
29543871518 333.099003 29543871511 197.180131 
29671044272 680.099003 29671044295 226.505131 
29892913093 89.099003 29892913103 163.163131 
30064771072 0.099003 30064771072 0.116131 
30176019254 157.099003 30176019258 166.682131 
30278773576 621.099003 30278773598 132.665131 
30349481917 379.099003 30349481925 160.817131 
30393173449 0.099003 30393173455 197.180131 
30604354201 259.099003 30604354190 296.885131 
30611867651 71.099003 30611867656 201.872131 
30789735595 590.099003 30789735595 269.906131 
30883709730 353.099003 30883709733 163.163131 
30942989080 146.099003 30942989109 206.564131 
30986268300 348.099003 30986268329 171.374131 
31088783324 570.099003 31088783338 164.336131 
31138512896 0.099003 31138512896 0.116131 
31152667115 549.099003 31152667119 109.205131 
31233762863 566.099003 31233762861 173.720131 
31380568028 556.099003 31380568016 99.821131 
31734288951 131.099003 31734288958 109.205131 
31883607439 135.099003 31883607450 161.990131 
31971227884 373.099003 31971227901 203.045131 
32212254720 0.099003 32212254720 0.116131 
32256813225 361.099003 32256813224 164.336131 
32751188428 461.099003 32751188434 145.568131 
32842711754 129.099003 32842711741 95.129131 
32903772588 346.099003 32903772596 390.725131 
33010310011 572.099003 33010310034 197.180131 
33027578515 193.099003 33027578505 171.374131 
33221629633 195.099003 33221629639 159.644131 
33285996544 0.099003 33285996544 0.116131 
33375947527 96.099003 33375947549 104.513131 
33506611813 252.099003 33506611822 210.083131 
33742427989 99.099003 33742428000 205.391131 
33757861162 623.099003 33757861160 118.589131 
33778548412 168.099003 33778548420 151.433131 
33815233601 166.099003 33815233591 200.699131 
33891071035 0.099003 33891071045 174.893131 
34182064152 569.099003 34182064175 146.741131 
34260110677 320.099003 34260110684 78.707131 
34359738368 0.099003 34359738368 0.116131 
34427938899 177.099003 34427938894 100.994131 
34442694347 0.099003 34442694344 132.665131 
34502439705 586.099003 34502439699 194.834131 
34598524165 340.099003 34598524190 183.104131 
34608410660 513.099003 34608410688 194.834131 
34615086381 548.099003 34615086393 190.142131 
34622233517 133.099003 34622233545 196.007131 
34657454277 146.099003 34657454288 157.298131 
34752548779 363.099003 34752548786 257.003131 
34786397958 340.099003 34786397959 626.498131 
34932310223 220.099003 34932310231 260.522131 
34971848984 395.099003 34971848988 126.800131 
35052276526 257.099003 35052276539 172.547131 
35091227790 573.099003 35091227792 89.264131 
35112739885 300.099003 35112739894 301.577131 
35131461741 646.099003 35131461741 200.699131 
35289277575 210.099003 35289277569 218.294131 
35338553936 235.099003 35338553945 179.585131 
35433480192 0.099003 35433480192 0.116131 
35660265645 672.099003 35660265668 119.762131 
35811002633 80.099003 35811002622 112.724131 
35870358672 539.099003 35870358664 390.725131 
35944328267 314.099003 35944328273 147.914131 
35966566897 584.099003 35966566920 221.813131 
36020436242 1170.099003 36020436250 278.117131 
36082189639 154.099003 36082189645 142.049131 
36284155009 70.099003 36284155025 172.547131 
36320018748 558.099003 36320018737 146.741131 
36328703134 207.099003 36328703147 186.623131 
36427331810 333.099003 36427331814 143.222131 
36507222016 0.099003 36507222016 0.116131 
36611822698 134.099003 36611822713 398.936131 
36640369578 380.099003 36640369587 300.404131 
36780689706 538.099003 36780689726 188.969131 
36819782081 75.099003 36819782100 110.378131 
36868102315 113.099003 36868102323 353.189131 
37005255293 581.099003 37005255289 159.644131 
37167651570 101.099003 37167651577 193.661131 
37267554962 0.099003 37267554982 245.273131 
37335710997 344.099003 37335711005 354.362131 
37347998714 608.099003 37347998707 210.083131 
37426648082 189.099003 37426648101 139.703131 
37458083948 105.099003 37458083958 124.454131 
37580963840 0.099003 37580963840 0.116131 
37700007716 223.099003 37700007727 130.319131 
37812400262 608.099003 37812400285 193.661131 
37875076075 264.099003 37875076097 174.893131 
37898143453 549.099003 37898143475 88.091131 
37910192775 363.099003 37910192784 193.661131 
38024818247 189.099003 38024818259 220.640131 
38156134690 216.099003 38156134702 186.623131 
38167702906 397.099003 38167702914 158.471131 
38246011050 0.099003 38246011042 75.188131 
38251328734 145.099003 38251328759 205.391131 
38355038624 313.099003 38355038631 254.657131 
38358460375 222.099003 38358460402 145.568131 
38417565314 512.099003 38417565305 214.775131 
38419726271 594.099003 38419726282 178.412131 
38430111847 613.099003 38430111868 173.720131 
38460760710 232.099003 38460760718 163.163131 
38505164451 642.099003 38505164473 132.665131 
38654705664 0.099003 38654705664 0.116131 
38668661129 90.099003 38668661134 300.404131 
38716307967 601.099003 38716307970 150.260131 
38769394303 156.099003 38769394310 199.526131 
38795592166 602.099003 38795592168 225.332131 
38847250341 558.099003 38847250332 441.164131 
38852209286 491.099003 38852209304 303.923131 
38858654516 270.099003 38858654521 194.834131 
38864018362 705.099003 38864018363 110.378131 
38968185973 164.099003 38968185981 235.889131 
38968198467 241.099003 38968198467 203.045131 
39197228059 610.099003 39197228073 244.100131 
39273992860 209.099003 39273992868 214.775131 
39355261794 201.099003 39355261810 211.256131 
39376469647 476.099003 39376469670 177.239131 
39440345370 145.099003 39440345373 187.796131 
39524860094 89.099003 39524860099 314.480131 
39609143845 126.099003 39609143869 517.409131 
39689794406 165.099003 39689794394 540.869131 
39728447488 0.099003 39728447488 0.116131 
39752935928 591.099003 39752935937 169.028131 
40070168666 644.099003 40070168692 149.087131 
40085782124 524.099003 40085782122 252.311131 
40092610251 633.099003 40092610274 183.104131 
40323411492 112.099003 40323411503 393.071131 
40340084276 155.099003 40340084305 171.374131 
40539854470 643.099003 40539854481 181.931131 
40752907565 328.612868 40752907571 243.529894 
40775060686 577.612868 40775060680 115.672894 
40802189312 -0.387132 40802189312 -0.454106 
40822499003 617.612868 40822498999 179.014894 
40997989395 471.612868 40997989383 114.499894 
41077855119 544.612868 41077855107 136.786894 
41169524622 556.612868 41169524637 311.563894 
41175957584 534.612868 41175957596 431.209894 
41179550448 73.612868 41179550462 249.394894 
41216639068 604.612868 41216639076 86.347894 
41235540422 301.612868 41235540433 232.972894 
41757919464 563.612868 41757919459 195.436894 
41870101603 84.612868 41870101604 210.685894 
41875931136 -0.387132 41875931136 -0.454106 
41961015074 628.612868 41961015085 214.204894 
42004789923 163.612868 42004789932 101.596894 
42028665164 528.612868 42028665185 116.845894 
42071119754 211.612868 42071119772 191.917894 
42074730756 574.612868 42074730774 162.592894 
42156117869 627.612868 42156117871 140.305894 
42168939766 532.612868 42168939779 67.579894 
42444892371 90.612868 42444892377 338.542894 
42488776834 205.612868 42488776855 106.288894 
42514693501 588.612868 42514693497 129.748894 
42630568574 -0.387132 42630568582 384.289894 
42653723431 41.612868 42653723445 129.748894 
42710064500 253.612868 42710064517 102.769894 
42790165622 210.612868 42790165638 208.339894 
42815683811 124.612868 42815683820 274.027894 
42949672960 -0.387132 42949672960 -0.454106 
43119221016 79.612868 43119221024 137.959894 
43211193415 105.612868 43211193424 173.149894 
43279317432 -0.387132 43279317432 112.153894 
43312989891 278.612868 43312989897 162.592894 
43391465799 549.612868 43391465810 203.647894 
43398450857 207.612868 43398450867 118.018894 
43540297862 -0.387132 43540297870 166.111894 
43585039790 572.612868 43585039817 242.356894 
43629655359 232.612868 43629655360 211.858894 
43634215161 189.612868 43634215185 242.356894 
43750974639 340.612868 43750974646 381.943894 
43966570725 299.612868 43966570735 227.107894 
44004961895 572.612868 44004961922 137.959894 
44023414784 -0.387132 44023414784 -0.454106 
44201212122 536.612868 44201212111 95.731894 
44402594144 297.612868 44402594135 91.039894 
44432781244 148.612868 44432781253 309.217894 
44552951173 261.612868 44552951179 168.457894 
44593735660 481.612868 44593735666 195.436894 
44651026184 564.612868 44651026180 135.613894 
44827017585 136.612868 44827017607 196.609894 
44863382780 517.612868 44863382784 277.546894 
45097156608 -0.387132 45097156608 -0.454106 
45144840166 505.612868 45144840157 248.221894 
45327614206 439.612868 45327614227 166.111894 
45329260480 305.612868 45329260483 205.993894 
45363176405 678.612868 45363176410 171.976894 
45446204723 313.612868 45446204733 148.516894 
45513409937 318.612868 45513409948 157.900894 
45803330011 386.612868 45803330005 110.980894 
45898096340 122.612868 45898096344 580.180894 
46001590985 286.612868 46001590991 289.276894 
46030168454 152.612868 46030168466 73.444894 
46170898432 -0.387132 46170898432 -0.454106 
46199323077 533.612868 46199323080 261.124894 
46319649156 633.612868 46319649180 152.035894 
46331886752 176.612868 46331886743 621.235894 
46695046311 547.612868 46695046302 60.541894 
46744927135 58.612868 46744927135 60.541894 
46749768946 119.612868 46749768954 204.820894 
46801131821 391.612868 46801131827 162.592894 
47163425968 164.612868 47163425978 164.938894 
47244640256 -0.387132 47244640256 -0.454106 
47300383578 238.612868 47300383606 129.748894 
47587397611 616.612868 47587397615 114.499894 
47611643403 565.612868 47611643397 94.558894 
47742386285 609.612868 47742386305 230.626894 
47858286925 341.612868 47858286916 224.761894 
47961011070 296.612868 47961011082 149.689894 
48044139809 589.612868 48044139808 98.077894 
48077059405 561.612868 48077059395 93.385894 
48289145461 198.612868 48289145470 208.339894 
48308737429 572.612868 48308737457 174.322894 
48318382080 -0.387132 48318382080 -0.454106 
48456275394 623.612868 48456275386 128.575894 
48611807425 640.612868 48611807426 189.571894 
48704070228 589.612868 48704070239 112.153894 
48897731062 269.612868 48897731051 72.271894 
48971389058 270.612868 48971389069 221.242894 
49137143537 86.612868 49137143562 218.896894 
49179768560 606.612868 49179768558 194.263894 
49255503252 601.612868 49255503279 256.432894 
49377111069 -0.387132 49377111097 82.828894 
49392123904 -0.387132 49392123904 -0.454106 
49484866270 348.612868 49484866277 221.242894 
49557346284 189.612868 49557346296 125.056894 
49608599678 53.612868 49608599680 329.158894 
49767626468 257.612868 49767626489 210.685894 
49769086446 597.612868 49769086472 139.132894 
49906549782 689.612868 49906549808 100.423894 
50023267993 579.612868 50023268005 154.381894 
50079345843 602.612868 50079345846 112.153894 
50151415154 381.612868 50151415161 102.769894 
50234151419 600.612868 50234151427 130.921894 
50304487586 174.612868 50304487598 292.795894 
50418003503 273.612868 50418003528 160.246894 
50435280178 171.612868 50435280202 167.284894 
50465865728 -0.387132 50465865728 -0.454106 
50550771986 292.612868 50550771994 272.854894 
50712222676 264.612868 50712222703 367.867894 
50727171805 628.612868 50727171827 211.858894 
51395432519 653.612868 51395432516 179.014894 
51424996596 94.612868 51424996604 263.470894 
51426121143 538.612868 51426121158 103.942894 
51458147678 533.612868 51458147679 148.516894 
51467382152 638.612868 51467382176 153.208894 
51489306765 584.612868 51489306770 116.845894 
51539607552 -0.387132 51539607552 -0.454106 
51547815772 126.612868 51547815784 229.453894 
51597250582 110.612868 51597250584 184.879894 
51667016162 131.612868 51667016180 426.517894 
51715406350 508.612868 51715406372 95.731894 
51746965459 232.612868 51746965467 214.204894 
51846462048 165.612868 51846462057 162.592894 
52062205646 537.612868 52062205648 148.516894 
52069938273 271.612868 52069938281 164.938894 
52122091861 156.612868 52122091869 81.655894 
52168673241 -0.387132 52168673265 99.250894 
52300934131 95.612868 52300934160 123.883894 
52447380985 527.612868 52447380988 67.579894 
52464068896 37.612868 52464068901 332.677894 
52553015543 378.612868 52553015549 299.833894 
52613349376 -0.387132 52613349376 -0.454106 
52614591476 593.612868 52614591494 150.862894 
52688875351 513.612868 52688875346 116.845894 
52734206483 357.126732 52734206487 299.263657 
52774857653 282.126732 52774857664 194.866657 
52804312525 565.126732 52804312526 218.326657 
52822584313 542.126732 52822584324 180.790657 
52854590386 612.126732 52854590391 177.271657 
52942576791 216.126732 52942576804 103.372657 
53011268408 284.126732 53011268423 117.448657 
53018972958 186.126732 53018972952 417.736657 
53319849874 136.126732 53319849887 197.212657 
53351131282 505.126732 53351131274 158.503657 
53469527915 78.126732 53469527941 703.948657 
53474432888 270.126732 53474432895 178.444657 
53519884153 126.126732 53519884157 125.659657 
53663786798 292.126732 53663786805 196.039657 
53685154750 607.126732 53685154763 116.275657 
53687091200 0.126732 53687091200 0.148657 
53699902734 608.126732 53699902738 105.718657 
53804999220 596.126732 53804999210 98.680657 
53852506915 150.126732 53852506925 140.908657 
54325088777 663.126732 54325088779 516.268657 
54390338638 521.126732 54390338643 398.968657 
54560762864 640.126732 54560762856 154.984657 
54760833024 0.126732 54760833024 0.148657 
54779583821 148.126732 54779583825 163.195657 
54824346593 128.126732 54824346592 180.790657 
54844374136 404.126732 54844374145 160.849657 
55131554494 199.126732 55131554506 101.026657 
55154292046 332.126732 55154292057 295.744657 
55263876784 173.126732 55263876778 90.469657 
55301870846 355.126732 55301870856 164.368657 
55341910174 373.126732 55341910164 152.638657 
55362131593 71.126732 55362131599 273.457657 
55576022358 111.126732 55576022360 174.925657 
55588216520 210.126732 55588216541 219.499657 
55714364570 556.126732 55714364567 116.275657 
55772384782 94.126732 55772384801 176.098657 
55834574848 0.126732 55834574848 0.148657 
55871587755 376.126732 55871587781 186.655657 
55922363915 284.126732 55922363921 150.292657 
56127552259 573.126732 56127552283 106.891657 
56233204454 117.126732 56233204465 299.263657 
56256983375 267.126732 56256983404 176.098657 
56416130920 88.126732 56416130926 116.275657 
56528597733 149.126732 56528597746 187.828657 
56538814664 391.126732 56538814680 89.296657 
56577929784 81.126732 56577929793 167.887657 
56656311459 188.126732 56656311462 212.461657 
56761282732 563.126732 56761282736 123.313657 
56779618641 300.126732 56779618653 177.271657 
56908316672 0.126732 56908316672 0.148657 
56965946212 154.126732 56965946205 164.368657 
57175829944 93.126732 57175829947 136.216657 
57195255697 248.126732 57195255700 133.870657 
57267557716 609.126732 57267557707 280.495657 
57310071987 617.126732 57310072008 207.769657 
57394919577 256.126732 57394919597 307.474657 
57463513044 441.126732 57463513063 102.199657 
57464053173 255.126732 57464053176 220.672657 
57534581041 333.126732 57534581050 116.275657 
57536383846 318.126732 57536383849 137.389657 
57542296060 551.126732 57542296050 193.693657 
57597596641 202.126732 57597596646 171.406657 
57646916636 177.126732 57646916636 224.191657 
57717716906 588.126732 57717716910 172.579657 
57726252204 334.126732 57726252198 88.123657 
57748687926 209.126732 57748687934 165.541657 
57982058496 0.126732 57982058496 0.148657 
58076592576 602.126732 58076592567 112.756657 
58086352680 388.126732 58086352686 149.119657 
58434853476 623.126732 58434853480 151.465657 
58489473733 571.126732 58489473723 139.735657 
58594644267 90.126732 58594644275 135.043657 
58730476853 569.126732 58730476857 143.254657 
58831895641 613.126732 58831895666 187.828657 
58843470780 486.126732 58843470794 201.904657 
58857810120 507.126732 58857810142 196.039657 
59023181118 627.126732 59023181119 86.950657 
59055800320 0.126732 59055800320 0.148657 
59117960867 191.126732 59117960874 198.385657 
59169008977 209.126732 59169008979 139.735657 
59269686158 610.126732 59269686183 102.199657 
59295241962 314.126732 59295241968 302.782657 
59389505343 671.126732 59389505363 408.352657 
59389942027 1044.126732 59389942025 190.174657 
59394016675 453.126732 59394016690 124.486657 
59448844092 313.126732 59448844100 313.339657 
59451458299 680.126732 59451458324 194.866657 
59591392391 159.126732 59591392397 181.963657 
59596678687 383.126732 59596678690 102.199657 
59784692531 330.126732 59784692554 102.199657 
59896276177 87.126732 59896276177 169.060657 
59944692875 339.126732 59944692882 189.001657 
59977700048 337.126732 59977700059 106.891657 
60066878780 362.126732 60066878790 206.596657 
60083564007 427.126732 60083564012 340.318657 
60118790892 281.126732 60118790908 123.313657 
61203283968 0.126732 61203283968 0.148657 
61228043938 258.126732 61228043946 187.828657 
61237305148 184.126732 61237305152 178.444657 
61303589681 586.126732 61303589679 275.803657 
61362332165 608.126732 61362332191 302.782657 
61426108613 160.126732 61426108620 95.161657 
61444262008 123.126732 61444261996 111.583657 
61542750780 102.126732 61542750789 167.887657 
61653211371 265.126732 61653211381 98.680657 
61724488777 528.126732 61724488803 301.609657 
61874633278 566.126732 61874633282 160.849657 
61899436345 571.126732 61899436347 268.765657 
61941076277 565.126732 61941076280 110.410657 
62148868454 468.126732 62148868475 242.959657 
62188071665 521.126732 62188071655 310.993657 
62277025792 0.126732 62277025792 0.148657 
62290962903 194.126732 62290962904 181.963657 
62305966950 0.126732 62305966965 206.596657 
62567490728 311.126732 62567490723 194.866657 
62671672746 130.126732 62671672755 353.221657 
63007619730 221.126732 63007619737 239.440657 
63146248261 138.126732 63146248272 115.102657 
63156631778 363.126732 63156631785 79.912657 
63273097070 607.126732 63273097097 212.461657 
63350767616 0.126732 63350767616 0.148657 
63432766418 492.126732 63432766442 215.980657 
63498602991 417.126732 63498603007 240.613657 
63612979110 399.126732 63612979120 157.330657 
63718196542 240.126732 63718196551 128.005657 
63952185000 175.126732 63952185001 226.537657 
63980729056 216.126732 63980729049 204.250657 
64048424031 570.126732 64048424053 179.617657 
64201260456 576.126732 64201260464 162.022657 
64372785276 555.126732 64372785280 233.575657 
64387754663 185.126732 64387754667 231.229657 
64424509440 0.126732 64424509440 0.148657 
64475755201 245.126732 64475755210 206.596657 
64503349673 626.126732 64503349684 423.601657 
64633481454 587.126732 64633481465 371.989657 
64646681402 201.126732 64646681411 186.655657 
64916195553 369.640596 64916195566 148.549419 
64941494206 687.640596 64941494207 150.895419 
65015999670 -0.359404 65015999666 210.718419 
65052394948 548.640596 65052394946 323.326419 
65241083886 471.640596 65241083893 141.511419 
65241657576 174.640596 65241657578 89.899419 
65310273386 154.640596 65310273391 179.047419 
65340958358 140.640596 65340958366 351.478419 
65421849715 315.640596 65421849723 299.866419 
65498251264 -0.359404 65498251264 -0.421581 
65840349384 591.640596 65840349399 564.964419 
65966942178 593.640596 65966942204 198.988419 
66145813597 120.640596 66145813614 137.992419 
66195458327 553.640596 66195458340 101.629419 
66241498455 624.640596 66241498470 336.229419 
66571993088 -0.359404 66571993088 -0.421581 
66576927875 94.640596 66576927883 222.448419 
66646591953 582.640596 66646591980 163.798419 
66719291075 698.640596 66719291071 153.241419 
67041060896 241.640596 67041060905 111.013419 
67057455993 617.640596 67057455998 373.765419 
67148921789 603.640596 67148921815 549.715419 
67156003534 564.640596 67156003527 153.241419 
67159554571 274.640596 67159554568 114.532419 
67335522550 319.640596 67335522561 143.857419 
67386727907 664.640596 67386727901 139.165419 
67439838411 163.640596 67439838419 255.292419 
67501264181 80.640596 67501264189 101.629419 
67516181006 555.640596 67516181026 431.242419 
67566287145 617.640596 67566287148 60.574419 
67566365968 425.640596 67566365967 143.857419 
67645734912 -0.359404 67645734912 -0.421581 
67837298511 813.640596 67837298533 267.022419 
68013443917 239.640596 68013443926 206.026419 
68077957241 146.640596 68077957251 278.752419 
68228252265 601.640596 68228252283 114.532419 
68354287866 123.640596 68354287874 109.840419 
68431555409 552.640596 68431555418 166.144419 
68542434390 618.640596 68542434405 101.629419 
68637765559 500.640596 68637765583 95.764419 
68719476736 -0.359404 68719476736 -0.421581 
68784027800 584.640596 68784027805 254.119419 
68834187555 647.640596 68834187558 152.068419 
68878366866 198.640596 68878366873 149.722419 
68891735397 574.640596 68891735407 351.478419 
68929796370 512.640596 68929796383 385.495419 
69032813448 195.640596 69032813468 134.473419 
69068249496 571.640596 69068249504 142.684419 
69235924664 -0.359404 69235924674 357.343419 
69282228643 117.640596 69282228636 88.726419 
69314391677 135.640596 69314391666 146.203419 
69585627004 662.640596 69585626997 201.334419 
69793218560 -0.359404 69793218560 -0.421581 
69894632073 448.640596 69894632070 203.680419 
70000487580 599.640596 70000487585 128.608419 
70221174798 573.640596 70221174824 270.541419 
70292163538 399.640596 70292163545 132.127419 
70442809550 96.640596 70442809559 362.035419 
70466048401 597.640596 70466048401 194.296419 
70541431956 399.640596 70541431963 173.182419 
70829158373 520.640596 70829158382 215.410419 
70866960384 -0.359404 70866960384 -0.421581 
70885901626 130.640596 70885901629 197.815419 
70996548913 548.640596 70996548941 235.351419 
71051141882 135.640596 71051141891 -0.421581 
71305849013 143.640596 71305849022 161.452419 
71416564783 644.640596 71416564785 119.224419 
71596779043 621.640596 71596779048 146.203419 
71681398085 57.640596 71681398094 180.220419 
71824138293 440.640596 71824138300 234.178419 
71869236814 279.640596 71869236820 291.655419 
71900869002 453.640596 71900869031 323.326419 
71913324901 548.640596 71913324902 432.415419 
71931510327 81.640596 71931510331 252.946419 
71940702208 -0.359404 71940702208 -0.421581 
71975537605 654.640596 71975537627 208.372419 
72595296727 111.640596 72595296731 289.309419 
72611256321 611.640596 72611256337 179.047419 
72677840077 465.640596 72677840086 182.566419 
72753690419 409.640596 72753690428 54.709419 
72791790568 229.640596 72791790575 320.980419 
72805484859 548.640596 72805484866 101.629419 
72858923645 226.640596 72858923655 172.009419 
73006752240 274.640596 73006752266 177.874419 
73014444032 -0.359404 73014444032 -0.421581 
73288364090 107.640596 73288364099 143.857419 
73371424029 240.640596 73371424036 181.393419 
73399490358 323.640596 73399490368 322.153419 
73533745970 348.640596 73533745981 172.009419 
73839600858 206.640596 73839600845 137.992419 
73846004990 300.640596 73846004994 328.018419 
73874654951 51.640596 73874654976 216.583419 
73974271761 369.640596 73974271764 157.933419 
74088185856 -0.359404 74088185856 -0.421581 
74117120764 559.640596 74117120779 208.372419 
74292462292 160.640596 74292462303 270.541419 
74352311489 191.640596 74352311505 127.435419 
74379769522 164.640596 74379769526 315.115419 
74416495969 343.640596 74416495974 305.731419 
74434189644 341.640596 74434189652 305.731419 
74652430781 605.640596 74652430800 53.536419 
74679102301 332.640596 74679102312 125.089419 
74745097506 124.640596 74745097517 166.144419 
74765812158 504.640596 74765812165 87.553419 
74853509961 515.640596 74853509970 216.583419 
74873683803 212.640596 74873683802 194.296419 
74953962594 113.640596 74953962605 342.094419 
75010047009 189.640596 75010047020 87.553419 
75161927680 -0.359404 75161927680 -0.421581 
75404101902 314.640596 75404101910 298.693419 
75419299029 248.640596 75419299038 96.937419 
75713414219 426.640596 75713414242 132.127419 
75772946496 267.640596 75772946503 174.355419 
75884233842 293.640596 75884233861 98.110419 
75940130970 134.640596 75940130959 196.642419 
75963694645 224.640596 75963694665 161.452419 
76055585520 615.640596 76055585508 204.853419 
76162602016 305.640596 76162602024 148.549419 
76235669504 -0.359404 76235669504 -0.421581 
76284543046 628.640596 76284543066 175.528419 
76399936367 521.640596 76399936380 371.419419 
76404097362 473.640596 76404097389 128.608419 
76448592693 659.640596 76448592716 221.275419 
76570119429 370.640596 76570119436 101.629419 
76667272545 108.640596 76667272570 420.685419 
76682690595 589.640596 76682690599 340.921419 
77219555614 147.154461 77219555613 2252.341182 
77244346770 571.154461 77244346765 122.173182 
77274880304 242.154461 77274880311 200.764182 
77282153548 345.154461 77282153557 152.671182 
77309411328 0.154461 77309411328 0.181182 
77432330548 91.154461 77432330564 105.751182 
77448174308 250.154461 77448174334 191.380182 
77534564690 94.154461 77534564699 282.874182 
77538121779 597.154461 77538121779 128.038182 
77649282038 660.154461 77649282040 129.211182 
77780757497 508.154461 77780757511 160.882182 
77831371368 310.154461 77831371383 425.980182 
78144561373 639.154461 78144561364 323.929182 
78250544935 216.154461 78250544941 126.865182 
78280507863 134.154461 78280507870 241.819182 
78288534138 109.154461 78288534145 84.637182 
78368870395 603.154461 78368870420 138.595182 
78372703229 533.154461 78372703222 227.743182 
78383153152 0.154461 78383153152 0.181182 
78427104133 213.154461 78427104140 184.342182 
78428448438 156.154461 78428448427 111.616182 
78539727717 354.154461 78539727725 300.469182 
78618838800 581.154461 78618838822 386.098182 
78638660595 88.154461 78638660608 105.751182 
78693499033 619.154461 78693499048 196.072182 
78732843031 518.154461 78732843050 164.401182 
78777557784 0.154461 78777557797 105.751182 
78852676285 128.154461 78852676289 52.966182 
78975600198 670.154461 78975600200 125.692182 
79009090106 649.154461 79009090133 174.958182 
79109082172 89.154461 79109082196 130.384182 
79456894976 0.154461 79456894976 0.181182 
79637207004 591.154461 79637206999 151.498182 
79779819393 138.154461 79779819402 91.675182 
79926888571 305.154461 79926888579 286.393182 
79933351832 364.154461 79933351834 115.135182 
80002837383 0.154461 80002837382 201.937182 
80009375714 541.154461 80009375705 121.000182 
80095993125 266.154461 80095993134 128.038182 
80256171955 573.154461 80256171981 170.266182 
80304303377 122.154461 80304303386 138.595182 
80350867100 343.154461 80350867107 280.528182 
80468191147 610.154461 80468191165 178.477182 
80505768151 174.154461 80505768178 133.903182 
80530636800 0.154461 80530636800 0.181182 
80601566339 296.154461 80601566350 312.199182 
80712154787 636.154461 80712154799 133.903182 
80851853271 96.154461 80851853262 155.017182 
80921836146 528.154461 80921836145 126.865182 
80990512196 379.154461 80990512205 163.228182 
81099793588 558.154461 81099793617 360.292182 
81110616836 233.154461 81110616843 262.933182 
81134480003 605.154461 81134480031 206.629182 
81167867245 67.154461 81167867233 140.941182 
81208493586 118.154461 81208493577 158.536182 
81233708241 420.154461 81233708247 196.072182 
81317470947 480.154461 81317470952 63.523182 
81363431639 134.154461 81363431646 146.806182 
81369110679 411.154461 81369110705 122.173182 
81369213156 132.154461 81369213154 200.764182 
81371951927 616.154461 81371951953 50.620182 
81423862820 344.154461 81423862829 303.988182 
81604378624 0.154461 81604378624 0.181182 
81613403753 212.154461 81613403754 166.747182 
81636130006 50.154461 81636130013 167.920182 
81680047687 602.154461 81680047676 177.304182 
81751915984 378.154461 81751915991 144.460182 
81902184593 154.154461 81902184600 187.861182 
82043382553 80.154461 82043382560 237.127182 
82102756129 88.154461 82102756142 172.612182 
82135936422 171.154461 82135936434 177.304182 
82388649243 120.154461 82388649251 274.663182 
82396528874 365.154461 82396528881 327.448182 
82430555129 270.154461 82430555135 237.127182 
82468439632 428.154461 82468439629 216.013182 
82611075685 606.154461 82611075694 74.080182 
82649701706 75.154461 82649701716 178.477182 
82663983869 591.154461 82663983867 211.321182 
82678120448 0.154461 82678120448 0.181182 
82679178718 666.154461 82679178735 628.909182 
82704593737 1153.154461 82704593735 104.578182 
82759341946 73.154461 82759341955 113.962182 
82828221954 503.154461 82828221946 99.886182 
83086541109 174.154461 83086541117 184.342182 
83165832438 685.154461 83165832461 145.633182 
83287867879 632.154461 83287867869 374.368182 
83635775622 517.154461 83635775620 169.093182 
83640471595 167.154461 83640471593 113.962182 
83751862272 0.154461 83751862272 0.181182 
83936644618 190.154461 83936644639 185.515182 
84178050693 602.154461 84178050704 136.249182 
84239300508 507.154461 84239300513 295.777182 
84244369665 159.154461 84244369674 210.148182 
84398799007 93.154461 84398799015 206.629182 
84596221078 544.154461 84596221093 135.076182 
84609443387 621.154461 84609443404 144.460182 
84716420176 127.154461 84716420184 240.646182 
84774702901 76.154461 84774702897 791.956182 
84795021256 220.154461 84795021259 536.242182 
84825604096 0.154461 84825604096 0.181182 
84833028425 523.154461 84833028420 486.976182 
84948537037 213.154461 84948537025 427.153182 
84972681132 567.154461 84972681142 140.941182 
85017593569 568.154461 85017593569 200.764182 
85028694718 569.154461 85028694745 198.418182 
85080995936 350.154461 85080995943 302.815182 
85158455912 164.154461 85158455923 124.519182 
85338114738 397.154461 85338114750 157.363182 
85396685961 639.154461 85396685978 72.907182 
85563595334 502.154461 85563595331 399.001182 
85870271513 472.154461 85870271540 306.334182 
85899345920 0.154461 85899345920 0.181182 
85970660017 250.154461 85970660021 242.992182 
86012919257 557.154461 86012919268 306.334182 
86014982386 579.154461 86014982394 465.862182 
86045339014 536.154461 86045339039 307.507182 
86079075945 655.154461 86079075954 207.802182 
86088122740 80.154461 86088122749 79.945182 
86093193610 353.154461 86093193617 227.743182 
86134323233 542.154461 86134323246 143.287182 
86231426712 0.154461 86231426730 158.536182 
86279721808 84.154461 86279721800 239.473182 
86286401177 86.154461 86286401201 438.883182 
86587538028 580.154461 86587538046 185.515182 
86777091828 99.154461 86777091832 163.228182 
86798127697 306.154461 86798127705 287.566182 
86870178006 42.154461 86870178012 255.895182 
86898714462 350.154461 86898714470 303.988182 
86903771944 638.154461 86903771964 117.481182 
86958524501 120.154461 86958524503 156.190182 
86967082066 383.154461 86967082075 172.612182 
86973087744 0.154461 86973087744 0.181182 
87062596600 152.154461 87062596617 454.132182 
87335115192 570.154461 87335115212 200.764182 
87420807638 589.154461 87420807642 58.831182 
87941905058 265.154461 87941905066 201.937182 
87961429558 467.154461 87961429553 275.836182 
88027488592 598.154461 88027488620 242.992182 
88046829568 0.154461 88046829568 0.181182 
88050908629 185.154461 88050908631 105.751182 
88168559815 547.154461 88168559820 123.346182 
88275059284 196.154461 88275059304 157.363182 
88283871021 251.154461 88283871028 101.059182 
88363509473 70.154461 88363509502 253.549182 
88379705716 91.154461 88379705719 193.726182 
88456594284 660.154461 88456594286 136.249182 
88539326909 600.154461 88539326918 169.093182 
88605540204 255.154461 88605540200 197.245182 
88642660810 123.154461 88642660818 233.608182 
88865036783 303.154461 88865036773 193.726182 
88898831312 571.154461 88898831304 183.169182 
88913477965 583.154461 88913477957 131.557182 
88995750013 650.154461 88995750009 180.823182 
89001043711 639.154461 89001043707 97.540182 
89043325586 275.154461 89043325574 271.144182 
89109021944 249.154461 89109021953 84.637182 
89115156377 510.154461 89115156386 84.637182 
89120571392 0.154461 89120571392 0.181182 
89205516918 478.668325 89205516927 120.429945 
89208851308 338.668325 89208851313 206.058945 
89287570164 234.668325 89287570172 93.450945 
89361642016 105.668325 89361642020 241.248945 
89394040153 181.668325 89394040157 159.138945 
89395490362 610.668325 89395490370 191.982945 
89455967258 577.668325 89455967284 292.860945 
89492839197 70.668325 89492839209 132.159945 
89540490490 435.668325 89540490479 162.657945 
89637012661 603.668325 89637012681 58.260945 
89659969794 184.668325 89659969797 299.898945 
89817444442 469.668325 89817444437 130.986945 
89836515778 73.668325 89836515786 146.235945 
89847325169 539.668325 89847325190 170.868945 
89944751605 -0.331675 89944751596 81.720945 
89950387608 119.668325 89950387597 207.231945 
89984316019 585.668325 89984316012 136.851945 
90041658406 126.668325 90041658406 138.024945 
90194313216 -0.331675 90194313216 -0.389055 
90312907137 114.668325 90312907144 142.716945 
90383622285 575.668325 90383622280 162.657945 
90497685081 571.668325 90497685110 553.266945 
90609151193 554.668325 90609151204 68.817945 
90710212731 346.668325 90710212737 197.847945 
90735178867 162.668325 90735178878 305.763945 
90747107994 388.668325 90747108011 84.066945 
90761267430 175.668325 90761267444 129.813945 
90841730573 403.668325 90841730575 312.801945 
90938678192 229.668325 90938678202 263.535945 
91049898875 101.668325 91049898884 277.611945 
91060350894 536.668325 91060350905 387.873945 
91062967818 601.668325 91062967816 174.387945 
91204225360 442.668325 91204225382 170.868945 
91233543114 113.668325 91233543126 187.290945 
91268055040 -0.331675 91268055040 -0.389055 
91441039210 102.668325 91441039219 197.847945 
91476144641 108.668325 91476144663 91.104945 
91568433491 527.668325 91568433514 161.484945 
91622841580 503.668325 91622841585 84.066945 
91700527251 318.668325 91700527257 256.497945 
91826064663 172.668325 91826064651 225.999945 
91860177150 159.668325 91860177145 252.978945 
91963410199 120.668325 91963410206 196.674945 
92130642416 557.668325 92130642416 107.526945 
92187210063 609.668325 92187210060 345.645945 
92232615244 151.668325 92232615254 116.910945 
92341796864 -0.331675 92341796864 -0.389055 
92422194815 219.668325 92422194828 156.792945 
92429273972 85.668325 92429273965 328.050945 
92476300157 609.668325 92476300158 224.826945 
92515035278 332.668325 92515035285 237.729945 
92606025864 207.668325 92606025877 121.602945 
92860234082 386.668325 92860234104 99.315945 
92866513796 644.668325 92866513787 101.661945 
92908810703 529.668325 92908810708 252.978945 
92947109300 537.668325 92947109321 206.058945 
92953906570 539.668325 92953906573 173.214945 
92991007771 596.668325 92991007790 65.298945 
92991728748 341.668325 92991728776 100.488945 
93072260069 323.668325 93072260065 352.683945 
93254595795 107.668325 93254595810 182.598945 
93365935036 195.668325 93365935034 99.315945 
93415538688 -0.331675 93415538688 -0.389055 
93572740617 370.668325 93572740611 872.322945 
93702850536 294.668325 93702850565 384.354945 
93726464970 103.668325 93726464981 140.370945 
93845815314 545.668325 93845815323 138.024945 
94489280512 -0.331675 94489280512 -0.389055 
94525992511 586.668325 94525992535 922.761945 
94532735894 562.668325 94532735883 227.172945 
94534593589 93.668325 94534593598 208.404945 
94668204371 542.668325 94668204393 116.910945 
94671259242 414.668325 94671259264 122.775945 
94830313282 360.668325 94830313286 123.948945 
94839771088 101.668325 94839771100 206.058945 
95068834579 351.668325 95068834586 132.159945 
95207837614 627.668325 95207837612 302.244945 
95282198092 551.668325 95282198091 81.720945 
95347431311 170.668325 95347431321 175.560945 
95411007996 589.668325 95411008017 166.176945 
95457216922 591.668325 95457216911 156.792945 
95563022336 -0.331675 95563022336 -0.389055 
95748866961 94.668325 95748866959 211.923945 
95829526436 144.668325 95829526443 95.796945 
95872818936 168.668325 95872818941 172.041945 
95914482646 524.668325 95914482667 134.505945 
95917161408 636.668325 95917161399 156.792945 
95974228248 586.668325 95974228274 317.493945 
95996136151 556.668325 95996136179 175.560945 
96003428425 543.668325 96003428441 190.809945 
96308401890 621.668325 96308401880 106.353945 
96373133052 123.668325 96373133063 156.792945 
96549889931 169.668325 96549889953 414.852945 
96577462277 174.668325 96577462286 139.197945 
96636764160 -0.331675 96636764160 -0.389055 
96640635648 628.668325 96640635666 174.387945 
96666098564 -0.331675 96666098552 182.598945 
96684695409 459.668325 96684695403 179.079945 
96818862186 209.668325 96818862209 396.084945 
96869676704 161.668325 96869676713 126.294945 
96951430147 367.668325 96951430155 94.623945 
96959918194 657.668325 96959918189 73.509945 
96965619189 -0.331675 96965619206 256.497945 
97261355669 611.668325 97261355658 176.733945 
97310464890 87.668325 97310464903 118.083945 
97350012260 137.668325 97350012250 157.965945 
97449212708 98.668325 97449212723 386.700945 
97473450408 -0.331675 97473450409 323.358945 
97534616594 100.668325 97534616594 221.307945 
97710505984 -0.331675 97710505984 -0.389055 
97796392690 90.668325 97796392700 142.716945 
97847261543 562.668325 97847261556 274.092945 
97854286612 678.668325 97854286607 107.526945 
97982538249 307.668325 97982538249 166.176945 
98029527618 79.668325 98029527625 142.716945 
98032734539 300.668325 98032734543 108.699945 
98077640569 581.668325 98077640590 167.349945 
98212522404 154.668325 98212522411 182.598945 
98227945291 630.668325 98227945292 159.138945 
98363842070 348.668325 98363842064 420.717945 
98377483240 233.668325 98377483259 180.252945 
98444466684 478.668325 98444466708 543.882945 
98598528573 178.668325 98598528600 206.058945 
98648610495 60.668325 98648610504 241.248945 
98753813455 476.668325 98753813467 179.079945 
98764498388 238.668325 98764498394 122.775945 
99857989632 -0.331675 99857989632 -0.389055 
99929752914 272.668325 99929752924 275.265945 
99993065306 156.668325 99993065299 401.949945 
100048295913 206.668325 100048295923 88.758945 
100103017744 628.668325 100103017748 289.341945 
100188014134 63.668325 100188014138 203.712945 
100265695846 507.668325 100265695854 204.885945 
100344855523 106.668325 100344855532 338.607945 
100635353481 283.668325 100635353491 269.400945 
100789513519 600.668325 100789513514 209.577945 
100810811778 323.668325 100810811789 95.796945 
100931731456 -0.331675 100931731456 -0.389055 
100971671668 385.668325 100971671660 199.020945 
101020917033 97.668325 101020917047 505.173945 
101155696827 334.668325 101155696849 224.826945 
101356559855 435.182189 101356559844 105.783708 
101402755856 165.182189 101402755866 187.893708 
101414298764 589.182189 101414298790 153.876708 
101461935927 142.182189 101461935936 363.843708 
101621840801 595.182189 101621840805 112.821708 
101638072761 559.182189 101638072785 2608.965708 
101659094515 645.182189 101659094505 119.859708 
101690897973 155.182189 101690897995 164.433708 
101730702734 579.182189 101730702729 118.686708 
101807050907 240.182189 101807050916 417.801708 
102005473280 0.182189 102005473280 0.213708 
102047334922 161.182189 102047334945 129.243708 
102298114949 613.182189 102298114954 76.458708 
102614767842 488.182189 102614767864 85.842708 
102655488435 70.182189 102655488447 209.007708 
102766334530 110.182189 102766334537 143.319708 
102891128155 543.182189 102891128164 142.146708 
102957031887 90.182189 102957031879 203.142708 
102963913670 578.182189 102963913679 706.359708 
102966790982 324.182189 102966790979 97.572708 
102995048155 156.182189 102995048148 227.775708 
103079215104 0.182189 103079215104 0.213708 
103154325658 591.182189 103154325648 272.349708 
103243338835 570.182189 103243338840 106.956708 
103261870695 570.182189 103261870707 142.146708 
103296979647 538.182189 103296979656 566.772708 
103437662171 583.182189 103437662183 537.447708 
103573911035 618.182189 103573911063 118.686708 
103657705658 585.182189 103657705666 250.062708 
103725023143 122.182189 103725023144 204.315708 
103764137096 608.182189 103764137104 540.966708 
103775510294 114.182189 103775510317 91.707708 
103868398050 187.182189 103868398057 158.568708 
104049561030 549.182189 104049561057 218.391708 
104108747410 631.182189 104108747423 1035.972708 
104152956928 0.182189 104152956928 0.213708 
104377854949 458.182189 104377854975 393.168708 
104507013641 259.182189 104507013636 88.188708 
104528726930 383.182189 104528726919 177.336708 
104529522052 229.182189 104529522040 153.876708 
104534176093 0.182189 104534176081 167.952708 
104563302552 193.182189 104563302560 373.227708 
104758570930 570.182189 104758570951 508.122708 
104765222809 82.182189 104765222815 226.602708 
104983383506 0.182189 104983383528 123.378708 
105011750792 288.182189 105011750798 252.408708 
105117484415 171.182189 105117484410 55.344708 
105143286442 406.182189 105143286431 167.952708 
105226698752 0.182189 105226698752 0.213708 
105234888151 91.182189 105234888169 112.821708 
105240729380 294.182189 105240729387 144.492708 
105319480263 225.182189 105319480270 192.585708 
105423850408 183.182189 105423850396 183.201708 
105436709910 71.182189 105436709939 116.340708 
105464346258 162.182189 105464346285 77.631708 
105494681506 640.182189 105494681510 151.530708 
105535122978 168.182189 105535122986 3245.904708 
105641859194 196.182189 105641859200 165.606708 
105661626875 197.182189 105661626891 111.648708 
105664651640 633.182189 105664651645 104.610708 
105832608980 92.182189 105832608992 239.505708 
105867962687 176.182189 105867962694 142.146708 
105886727682 314.182189 105886727688 322.788708 
105972123341 411.182189 105972123349 184.374708 
106028902434 578.182189 106028902446 178.509708 
106159948882 604.182189 106159948893 143.319708 
106192933216 308.182189 106192933219 95.226708 
106300440576 0.182189 106300440576 0.213708 
106385849441 0.182189 106385849428 111.648708 
106470179508 502.182189 106470179509 137.454708 
106642620300 477.182189 106642620316 102.264708 
106728859681 140.182189 106728859692 237.159708 
106816841971 421.182189 106816841976 471.759708 
106930058395 561.182189 106930058406 295.809708 
107021507865 596.182189 107021507865 102.264708 
107026571866 232.182189 107026571871 187.893708 
107029353206 546.182189 107029353209 159.741708 
107124868275 200.182189 107124868284 226.602708 
107359207693 650.182189 107359207716 172.644708 
107365303630 654.182189 107365303635 187.893708 
107374182400 0.182189 107374182400 0.213708 
107503978819 292.182189 107503978808 165.606708 
107565454641 122.182189 107565454646 61.209708 
107938461364 688.182189 107938461374 123.378708 
107941958452 124.182189 107941958462 151.530708 
107999323012 584.182189 107999323023 186.720708 
108016199061 631.182189 108016199067 173.817708 
108147214910 173.182189 108147214912 185.547708 
108317526625 598.182189 108317526618 132.762708 
108447924224 0.182189 108447924224 0.213708 
108482342422 227.182189 108482342424 501.084708 
108607428883 278.182189 108607428888 109.302708 
108679018916 144.182189 108679018927 179.682708 
109058314588 577.182189 109058314615 169.125708 
109107707937 100.182189 109107707937 108.129708 
109289153864 78.182189 109289153872 145.665708 
109351233848 132.182189 109351233852 138.627708 
109370234880 378.182189 109370234889 158.568708 
109477867289 265.182189 109477867297 129.243708 
109490448678 229.182189 109490448683 109.302708 
109500830876 430.182189 109500830869 160.914708 
109521666048 0.182189 109521666048 0.213708 
109677914837 85.182189 109677914854 198.450708 
109827297860 212.182189 109827297865 137.454708 
109842612807 558.182189 109842612833 421.320708 
110052468782 643.182189 110052468772 184.374708 
110093216430 96.182189 110093216422 209.007708 
110140199253 95.182189 110140199262 211.353708 
110517385094 439.182189 110517385101 122.205708 
110595407872 0.182189 110595407872 0.213708 
110600860107 726.182189 110600860121 341.556708 
110638599977 0.182189 110638599986 167.952708 
110803237184 628.182189 110803237178 113.994708 
110917224558 0.182189 110917224568 375.573708 
110972834769 624.182189 110972834757 156.222708 
110989700088 454.182189 110989700096 165.606708 
111364682955 325.182189 111364682963 319.269708 
111447766071 647.182189 111447766060 160.914708 
111489462200 184.182189 111489462205 140.973708 
111559823829 258.182189 111559823836 146.838708 
111669149696 0.182189 111669149696 0.213708 
112099894557 398.182189 112099894565 258.273708 
112164993976 376.182189 112164993975 246.543708 
112367021332 386.182189 112367021361 340.383708 
112401938703 413.182189 112401938711 156.222708 
112457330435 127.182189 112457330425 238.332708 
112485501972 602.182189 112485502000 196.104708 
112546051709 468.182189 112546051728 163.260708 
112619938035 118.182189 112619938062 201.969708 
112742891520 0.182189 112742891520 0.213708 
112781105424 267.182189 112781105424 400.206708 
112783683049 144.182189 112783683073 139.800708 
112835781518 67.182189 112835781532 205.488708 
112963101170 457.182189 112963101189 241.851708 
113132860996 191.182189 113132861020 206.661708 
113328558148 345.182189 113328558154 235.986708 
113338062861 275.182189 113338062880 213.699708 
113551739745 603.696054 113551739762 207.264471 
113680219617 192.696054 113680219628 190.842471 
113691993286 111.696054 113691993297 186.150471 
113712347481 151.696054 113712347489 139.230471 
113816633344 -0.303946 113816633344 -0.356529 
113988460497 598.696054 113988460505 81.753471 
114273343122 620.696054 114273343134 97.002471 
114363517697 282.696054 114363517700 102.867471 
114373350686 202.696054 114373350694 111.078471 
114398056775 428.696054 114398056781 105.213471 
114501054318 529.696054 114501054319 173.247471 
114722797137 595.696054 114722797150 86.445471 
114724647328 317.696054 114724647338 302.277471 
114877617908 351.696054 114877617928 142.749471 
114890375168 -0.303946 114890375168 -0.356529 
114955624871 582.696054 114955624861 352.716471 
115519611182 328.696054 115519611175 172.074471 
115599973575 259.696054 115599973578 203.745471 
115651182206 625.696054 115651182222 194.361471 
115689422254 618.696054 115689422241 194.361471 
115732379534 272.696054 115732379540 113.424471 
115793381224 325.696054 115793381230 302.277471 
115858362179 550.696054 115858362197 188.496471 
115887993891 535.696054 115887993899 211.956471 
115891893081 620.696054 115891893085 197.880471 
115964116992 -0.303946 115964116992 -0.356529 
116069417144 551.696054 116069417146 148.614471 
116179858390 297.696054 116179858387 279.990471 
116574160747 -0.303946 116574160764 139.230471 
116654684513 315.696054 116654684519 112.251471 
116735493754 668.696054 116735493759 133.365471 
116748645926 102.696054 116748645918 262.395471 
116807330380 332.696054 116807330388 287.028471 
116898110193 126.696054 116898110202 299.931471 
116935222764 184.696054 116935222772 379.695471 
116983952828 421.696054 116983952837 115.770471 
117007384533 611.696054 117007384541 104.040471 
117019230534 192.696054 117019230537 86.445471 
117037858816 -0.303946 117037858816 -0.356529 
117071798872 302.696054 117071798880 94.656471 
117076603867 258.696054 117076603889 203.745471 
117406582155 102.696054 117406582169 204.918471 
117412315336 610.696054 117412315350 129.846471 
117623837242 589.696054 117623837264 221.340471 
117651437240 86.696054 117651437248 220.167471 
117672889689 108.696054 117672889700 85.272471 
117681694829 397.696054 117681694838 221.340471 
117696150829 105.696054 117696150833 140.403471 
117728675648 557.696054 117728675663 321.045471 
117951612957 218.696054 117951612966 166.209471 
118111600640 -0.303946 118111600640 -0.356529 
118276017025 587.696054 118276017017 489.957471 
118407062227 601.696054 118407062226 462.978471 
118467599980 558.696054 118467599974 94.656471 
118514857174 142.696054 118514857183 227.205471 
118648878405 180.696054 118648878404 127.500471 
118649288018 586.696054 118649288026 181.458471 
118818220139 587.696054 118818220165 167.382471 
118916179933 567.696054 118916179946 145.095471 
119075662324 80.696054 119075662336 314.007471 
119106305054 580.696054 119106305059 215.475471 
119185342464 -0.303946 119185342464 -0.356529 
119223328519 283.696054 119223328542 199.053471 
119424669825 192.696054 119424669832 202.572471 
119495687084 555.696054 119495687101 84.099471 
119543570362 603.696054 119543570383 302.277471 
119555821705 77.696054 119555821709 303.450471 
119613344143 136.696054 119613344150 101.694471 
119662723201 564.696054 119662723229 256.530471 
119878977663 619.696054 119878977673 154.479471 
119891685122 63.696054 119891685119 116.943471 
119898526097 128.696054 119898526103 209.610471 
119959112068 588.696054 119959112066 224.859471 
120007072470 114.696054 120007072476 210.783471 
120014443952 103.696054 120014443954 113.424471 
120061722792 229.696054 120061722793 86.445471 
120218539915 264.696054 120218539935 216.648471 
120232718843 285.696054 120232718848 181.458471 
120259084288 -0.303946 120259084288 -0.356529 
120380295949 93.696054 120380295939 337.467471 
120452989662 292.696054 120452989650 337.467471 
120663777972 599.696054 120663777994 180.285471 
120698121779 308.696054 120698121787 196.707471 
120748715166 183.696054 120748715172 353.889471 
120975779111 61.696054 120975779122 162.690471 
121116188943 282.696054 121116188951 106.386471 
121332826112 -0.303946 121332826112 -0.356529 
121430007450 126.696054 121430007445 162.690471 
121435261214 364.696054 121435261212 88.791471 
121476068734 468.696054 121476068760 118.116471 
121482931230 64.696054 121482931236 165.036471 
121543788544 495.696054 121543788539 147.441471 
121549300902 455.696054 121549300915 186.150471 
121558830707 614.696054 121558830733 111.078471 
121841584275 608.696054 121841584278 338.640471 
121961623605 212.696054 121961623630 249.492471 
122148968989 621.696054 122148969006 112.251471 
122156511095 201.696054 122156511109 146.268471 
122183043431 144.696054 122183043440 214.302471 
122365791203 239.696054 122365791207 234.243471 
122395442604 594.696054 122395442627 123.981471 
122406567936 -0.303946 122406567936 -0.356529 
122565813267 562.696054 122565813281 181.458471 
122674930907 101.696054 122674930913 248.319471 
122683307230 284.696054 122683307238 156.825471 
122704308369 88.696054 122704308388 264.741471 
122715413158 119.696054 122715413170 182.631471 
122775125282 508.696054 122775125283 128.673471 
122837274835 529.696054 122837274847 2642.412471 
122945983998 596.696054 122945984001 163.863471 
123139189462 555.696054 123139189473 162.690471 
123150217310 297.696054 123150217334 175.593471 
123187614400 624.696054 123187614419 132.192471 
123439057139 621.696054 123439057161 241.281471 
123464748008 245.696054 123464748017 353.889471 
123480309760 -0.303946 123480309760 -0.356529 
123503075377 258.696054 123503075380 97.002471 
123510613471 167.696054 123510613475 201.399471 
123593529230 -0.303946 123593529223 75.888471 
123636697890 76.696054 123636697898 154.479471 
123640986680 374.696054 123640986703 153.306471 
123674036841 529.696054 123674036850 383.214471 
123718782263 617.696054 123718782270 1471.758471 
123974944464 105.696054 123974944478 107.559471 
124160449024 601.696054 124160449052 156.825471 
124192981187 393.696054 124192981194 122.808471 
124252006140 152.696054 124252006148 135.711471 
124554051584 -0.303946 124554051584 -0.356529 
124678917947 222.696054 124678917957 119.289471 
124706026900 177.696054 124706026911 165.036471 
124711335334 147.696054 124711335344 168.555471 
124717304626 119.696054 124717304628 157.998471 
124757952139 580.696054 124757952163 156.825471 
124917934606 143.696054 124917934615 190.842471 
125305182520 347.696054 125305182531 299.931471 
125490010402 241.696054 125490010409 310.488471 
125627793408 0.209918 125627793408 0.246234 
125639544854 612.209918 125639544880 300.534234 
125647836066 276.209918 125647836074 326.340234 
125747080464 215.209918 125747080453 96.432234 
125927840054 546.209918 125927840064 95.259234 
126146488347 338.209918 126146488351 306.399234 
126204634051 389.209918 126204634076 112.854234 
126231151052 637.209918 126231151040 259.479234 
126401938014 173.209918 126401938030 244.230234 
126408374269 208.209918 126408374265 271.209234 
126441384130 576.209918 126441384136 158.601234 
126528799128 233.209918 126528799133 176.196234 
126537185698 507.209918 126537185704 182.061234 
126701535232 0.209918 126701535232 0.246234 
126715790789 648.209918 126715790816 790.848234 
126836076815 156.209918 126836076828 108.162234 
126948476833 99.209918 126948476841 220.770234 
127264626358 625.209918 127264626387 291.150234 
127542346653 259.209918 127542346659 372.087234 
127620742764 595.209918 127620742767 156.255234 
127735979930 230.209918 127735979937 191.445234 
127775277056 0.209918 127775277056 0.246234 
127835591599 106.209918 127835591605 155.082234 
127901011956 71.209918 127901011980 146.871234 
127929857638 589.209918 127929857636 191.445234 
127934359453 331.209918 127934359473 444.813234 
128161766235 589.209918 128161766242 119.892234 
128191082221 569.209918 128191082224 316.956234 
128216978995 397.209918 128216978996 141.006234 
128258552299 272.209918 128258552306 126.930234 
128288052489 564.209918 128288052502 417.834234 
128334901093 393.209918 128334901115 169.158234 
128357455595 72.209918 128357455603 312.264234 
128376684944 401.209918 128376684951 279.420234 
128482426157 575.209918 128482426174 163.293234 
128685951579 187.209918 128685951590 155.082234 
128729067756 104.209918 128729067768 192.618234 
128766676445 392.209918 128766676439 121.065234 
128817771707 585.209918 128817771698 573.843234 
128829246246 503.209918 128829246235 196.137234 
128849018880 0.209918 128849018880 0.246234 
128935968635 54.209918 128935968636 225.462234 
129049742087 216.209918 129049742091 297.015234 
129126919591 544.209918 129126919597 580.881234 
129148824773 217.209918 129148824761 186.753234 
129239360361 125.209918 129239360370 210.213234 
129482357307 301.209918 129482357308 111.681234 
129606661812 293.209918 129606661820 293.496234 
129635485199 200.209918 129635485216 246.576234 
129658883941 85.209918 129658883945 167.985234 
129702550930 136.209918 129702550929 413.142234 
129712166417 558.209918 129712166412 145.698234 
129844931690 93.209918 129844931714 149.217234 
129922760704 0.209918 129922760704 0.246234 
130015773449 591.209918 130015773436 130.449234 
130117252921 261.209918 130117252933 84.702234 
130169064485 142.209918 130169064497 94.086234 
130490054809 52.209918 130490054829 175.023234 
130522559093 511.209918 130522559088 121.065234 
130525869875 112.209918 130525869881 204.348234 
130606977912 163.209918 130606977939 192.618234 
130914489512 109.209918 130914489517 236.019234 
130927362295 314.209918 130927362305 299.361234 
130996502528 0.209918 130996502528 0.246234 
131026756709 70.209918 131026756719 85.875234 
131121972273 291.209918 131121972269 212.559234 
131266367187 505.209918 131266367178 192.618234 
131274491505 154.209918 131274491510 209.040234 
131653675290 591.209918 131653675316 182.061234 
131718141519 568.209918 131718141537 200.829234 
131760698089 277.209918 131760698092 173.850234 
131945631324 292.209918 131945631314 314.610234 
132070244352 0.209918 132070244352 0.246234 
132443487865 131.209918 132443487887 218.424234 
132515138291 92.209918 132515138290 244.230234 
132574618678 617.209918 132574618677 125.757234 
132602816048 299.209918 132602816051 111.681234 
132779712218 262.209918 132779712245 448.332234 
132797869242 109.209918 132797869234 186.753234 
132802107335 605.209918 132802107344 172.677234 
132929089376 217.209918 132929089377 119.892234 
132943451289 153.209918 132943451299 158.601234 
133031077314 601.209918 133031077333 196.137234 
133102452813 87.209918 133102452821 329.859234 
133143986176 0.209918 133143986176 0.246234 
133292063013 121.209918 133292063028 177.369234 
133780409559 225.209918 133780409548 206.694234 
133849756892 595.209918 133849756891 77.664234 
133888626234 336.209918 133888626237 80.010234 
134061905282 443.209918 134061905287 175.023234 
134171130685 244.209918 134171130692 217.251234 
135291469824 0.209918 135291469824 0.246234 
135306941846 655.209918 135306941871 420.180234 
135372386341 267.209918 135372386347 271.209234 
135375814181 136.209918 135375814193 143.352234 
135470619161 523.209918 135470619165 185.580234 
135480227246 508.209918 135480227254 82.356234 
135492905815 152.209918 135492905824 194.964234 
135612555950 365.209918 135612555957 102.297234 
135775354670 547.209918 135775354696 70.626234 
135790116806 195.209918 135790116815 274.728234 
135832287545 550.209918 135832287569 299.361234 
135903590497 381.209918 135903590506 280.593234 
136100876967 113.209918 136100876975 255.960234 
136141724707 546.209918 136141724713 124.584234 
136354496438 549.209918 136354496439 131.622234 
136365211648 0.209918 136365211648 0.246234 
136393695025 143.209918 136393695047 193.791234 
136537828472 282.209918 136537828477 130.449234 
136629377140 607.209918 136629377160 65.934234 
136717791611 111.209918 136717791618 194.964234 
136748115735 0.209918 136748115723 199.656234 
136851760272 577.209918 136851760300 178.542234 
136926216890 324.209918 136926216905 183.234234 
137052637693 535.209918 137052637705 55.377234 
137141736783 574.209918 137141736801 334.551234 
137168813552 307.209918 137168813558 239.538234 
137250758821 321.209918 137250758829 301.707234 
137438953472 0.209918 137438953472 0.246234 
137459567278 138.209918 137459567296 197.310234 
137459962406 372.209918 137459962412 169.158234 
137468387517 227.209918 137468387520 200.829234 
137519705604 70.209918 137519705608 124.584234 
137709122982 613.723782 137709122995 450.107997 
137762458088 187.723782 137762458094 134.570997 
137827680278 361.723782 137827680282 303.482997 
137829636045 423.723782 137829636053 204.950997 
138024609417 62.723782 138024609434 210.815997 
138228781793 165.723782 138228781791 166.241997 
138258782998 328.723782 138258783005 172.106997 
138371814838 82.723782 138371814850 172.106997 
138512695296 -0.276218 138512695296 -0.324003 
138561240315 587.723782 138561240320 106.418997 
138610045010 478.723782 138610045038 193.220997 
138724881239 -0.276218 138724881262 63.017997 
138845868330 -0.276218 138845868340 262.427997 
138852795837 303.723782 138852795833 152.165997 
138930101551 633.723782 138930101542 185.009997 
139195635668 555.723782 139195635695 163.895997 
139246261826 66.723782 139246261838 116.975997 
139357850221 83.723782 139357850228 190.874997 
139502584421 219.723782 139502584427 257.735997 
139531241041 102.723782 139531241050 271.811997 
139586437120 -0.276218 139586437120 -0.324003 
139592413281 576.723782 139592413291 261.254997 
139730101755 610.723782 139730101755 89.996997 
139908922877 579.723782 139908922904 145.127997 
139910700158 154.723782 139910700170 183.836997 
139959996910 554.723782 139959996937 249.524997 
140089571529 619.723782 140089571554 97.034997 
140101160018 589.723782 140101160026 142.781997 
140106942512 641.723782 140106942505 246.005997 
140230820691 554.723782 140230820717 180.317997 
140350826824 524.723782 140350826845 215.507997 
140530435668 248.723782 140530435678 203.777997 
140602580272 515.723782 140602580259 127.532997 
140660178944 -0.276218 140660178944 -0.324003 
140790086556 422.723782 140790086567 142.781997 
140824853383 324.723782 140824853381 111.110997 
140843753575 161.723782 140843753579 162.722997 
140844823198 254.723782 140844823204 289.406997 
140859427409 596.723782 140859427414 213.161997 
140962074841 124.723782 140962074847 230.756997 
141158633719 62.723782 141158633732 256.562997 
141221697163 169.723782 141221697189 274.157997 
141236763969 267.723782 141236763979 135.743997 
141265122848 204.723782 141265122853 219.026997 
141346802657 116.723782 141346802677 291.752997 
141442303110 299.723782 141442303116 99.380997 
141457545983 162.723782 141457545990 142.781997 
141479632290 160.723782 141479632303 284.714997 
141733920768 -0.276218 141733920768 -0.324003 
141780556904 222.723782 141780556922 100.553997 
141848724822 594.723782 141848724838 112.283997 
142144516979 231.723782 142144516984 141.608997 
142182315610 149.723782 142182315614 163.895997 
142209749263 648.723782 142209749287 2174.417997 
142473899828 142.723782 142473899839 195.566997 
142506321961 503.723782 142506321974 128.705997 
142522765949 546.723782 142522765944 390.284997 
142620187238 381.723782 142620187247 132.224997 
142737767529 169.723782 142737767538 186.182997 
142807662592 -0.276218 142807662592 -0.324003 
142859840963 281.723782 142859840982 166.241997 
142875068214 656.723782 142875068231 162.722997 
142887968827 242.723782 142887968853 217.853997 
142919181664 78.723782 142919181668 423.128997 
142940267360 468.723782 142940267366 170.933997 
143010549811 196.723782 143010549821 128.705997 
143183516116 213.723782 143183516125 189.701997 
143476514595 548.723782 143476514615 425.474997 
143508408293 126.723782 143508408301 179.144997 
143590217851 226.723782 143590217873 148.646997 
143619712577 108.723782 143619712584 141.608997 
143703458083 182.723782 143703458085 217.853997 
143825155802 614.723782 143825155815 196.739997 
143838670822 431.723782 143838670812 236.621997 
143864009680 572.723782 143864009669 159.203997 
143881404416 -0.276218 143881404416 -0.324003 
143926818220 347.723782 143926818228 118.148997 
143941784898 637.723782 143941784897 179.144997 
143961645197 530.723782 143961645225 133.397997 
144125727769 614.723782 144125727781 229.583997 
144374737751 497.723782 144374737757 82.958997 
144591264381 574.723782 144591264403 129.878997 
144597913047 303.723782 144597913056 301.136997 
144800372101 159.723782 144800372123 180.317997 
144900648182 112.723782 144900648195 281.195997 
144910476851 634.723782 144910476862 718.724997 
144955146240 -0.276218 144955146240 -0.324003 
145062084871 534.723782 145062084891 249.524997 
145183723516 160.723782 145183723525 125.186997 
145561088829 529.723782 145561088857 217.853997 
145625678102 219.723782 145625678111 295.271997 
145718217006 569.723782 145718217008 216.680997 
145898981690 -0.276218 145898981699 54.806997 
145941555770 151.723782 145941555776 154.511997 
146028888064 -0.276218 146028888064 -0.324003 
146053017933 77.723782 146053017959 220.199997 
146201708012 225.723782 146201708022 280.022997 
146439110364 306.723782 146439110369 77.093997 
146651425856 510.723782 146651425845 53.633997 
146668320784 115.723782 146668320793 101.726997 
146680461636 243.723782 146680461644 350.402997 
146816138569 101.723782 146816138576 127.532997 
146858880812 52.723782 146858880828 116.975997 
146868861097 574.723782 146868861085 177.971997 
146928321573 606.723782 146928321576 201.431997 
147102629888 -0.276218 147102629888 -0.324003 
147349627296 251.723782 147349627316 226.064997 
147578223023 46.723782 147578223027 312.866997 
147700575019 318.723782 147700575023 152.165997 
147738823702 607.723782 147738823715 305.828997 
147781256232 565.723782 147781256239 66.536997 
147920152398 576.723782 147920152418 170.933997 
147976007090 361.723782 147976007092 125.186997 
148023539289 338.723782 148023539297 289.406997 
148056512822 673.723782 148056512845 153.338997 
148067697825 171.723782 148067697851 190.874997 
148100801653 292.723782 148100801663 160.376997 
148176371712 -0.276218 148176371712 -0.324003 
148295767067 593.723782 148295767070 169.760997 
148322666680 226.723782 148322666680 274.157997 
148368385148 323.723782 148368385155 -0.324003 
148388371085 721.723782 148388371098 78.266997 
148513446451 388.723782 148513446460 136.916997 
148526763332 268.723782 148526763338 156.857997 
148529029985 150.723782 148529029997 397.322997 
148600320943 163.723782 148600320933 86.477997 
148667745840 398.723782 148667745850 146.300997 
148790602480 220.723782 148790602491 150.992997 
148882463227 127.723782 148882463251 208.469997 
149076161553 395.723782 149076161550 150.992997 
149250113536 -0.276218 149250113536 -0.324003 
149272475009 396.723782 149272475014 116.975997 
149298764230 62.723782 149298764243 315.212997 
149451482690 305.723782 149451482693 297.617997 
149549885659 109.723782 149549885663 345.710997 
149602696294 122.723782 149602696297 423.128997 
149629604620 526.723782 149629604627 182.663997 
149730624228 136.723782 149730624233 176.798997 
149749804078 149.723782 149749804093 314.039997 
149773869372 36.723782 149773869396 270.638997 
149862563859 376.237647 149862563851 108.194759 
150023763104 0.237647 150023763111 168.017759 
150157528701 616.237647 150157528700 166.844759 
150190046015 634.237647 150190046035 157.460759 
150280344789 645.237647 150280344796 90.599759 
150281559941 176.237647 150281559945 146.903759 
150294832026 108.237647 150294832028 343.967759 
150297261921 573.237647 150297261940 355.697759 
150323855360 0.237647 150323855360 0.278759 
150506090101 586.237647 150506090097 231.359759 
150646052307 601.237647 150646052306 77.696759 
150670103338 281.237647 150670103338 180.920759 
150727293222 451.237647 150727293210 156.287759 
150777374931 266.237647 150777374930 102.329759 
150851885222 194.237647 150851885214 210.245759 
150872370091 80.237647 150872370109 194.996759 
150951538000 357.237647 150951538009 172.709759 
151079360709 80.237647 151079360716 132.827759 
151209543678 640.237647 151209543695 110.540759 
151371940481 0.237647 151371940491 241.916759 
151373478383 583.237647 151373478397 238.397759 
151397597184 0.237647 151397597184 0.278759 
151448010031 356.237647 151448010024 126.962759 
151448171236 130.237647 151448171248 305.258759 
151522247224 363.237647 151522247233 171.536759 
151767235633 343.237647 151767235640 197.342759 
151967045279 599.237647 151967045288 179.747759 
151981998331 590.237647 151981998338 124.616759 
151991258291 175.237647 151991258296 170.363759 
152128105113 342.237647 152128105102 163.325759 
152190336486 468.237647 152190336484 168.017759 
152351982358 388.237647 152351982383 190.304759 
152386387676 203.237647 152386387680 193.823759 
152402807354 398.237647 152402807361 198.515759 
152407269995 554.237647 152407270018 332.237759 
152433547385 682.237647 152433547372 535.166759 
152471339008 0.237647 152471339008 0.278759 
152614795950 565.237647 152614795953 200.861759 
152669470400 379.237647 152669470402 153.941759 
152697275671 600.237647 152697275684 77.696759 
152861129721 414.237647 152861129726 214.937759 
153015820169 485.237647 153015820159 186.785759 
153045151643 0.237647 153045151654 205.553759 
153092049268 94.237647 153092049275 219.629759 
153094549044 297.237647 153094549051 153.941759 
153106084035 265.237647 153106084041 109.367759 
153130063360 198.237647 153130063368 241.916759 
153413803744 587.237647 153413803737 131.654759 
153433938410 632.237647 153433938422 410.828759 
153435626007 175.237647 153435626001 105.848759 
153513678901 62.237647 153513678892 245.435759 
153545080832 0.237647 153545080832 0.278759 
153567444004 464.237647 153567444006 148.076759 
153626511095 314.237647 153626511103 304.085759 
153644882104 603.237647 153644882120 381.503759 
153817338354 552.237647 153817338382 319.334759 
153858794236 135.237647 153858794250 197.342759 
153895764822 181.237647 153895764829 88.253759 
153899670115 142.237647 153899670121 211.418759 
154005533952 214.237647 154005533961 279.452759 
154050354333 265.237647 154050354341 332.237759 
154079600011 209.237647 154079600018 131.654759 
154115668800 393.237647 154115668802 191.477759 
154118285625 537.237647 154118285627 122.270759 
154309518881 197.237647 154309518891 180.920759 
154429946366 280.237647 154429946374 288.836759 
154444095032 560.237647 154444095045 300.566759 
154512561201 585.237647 154512561189 125.789759 
154618822656 0.237647 154618822656 0.278759 
154667277836 170.237647 154667277828 440.153759 
154674898611 357.237647 154674898639 189.131759 
154777873880 72.237647 154777873890 170.363759 
154801382814 234.237647 154801382842 164.498759 
154804250367 602.237647 154804250387 145.730759 
154805840390 177.237647 154805840399 194.996759 
154855628276 381.237647 154855628285 213.764759 
155090104797 175.237647 155090104802 217.283759 
155300774232 634.237647 155300774224 122.270759 
155330710524 611.237647 155330710529 134.000759 
155347256112 430.237647 155347256117 155.114759 
155556537758 426.237647 155556537767 383.849759 
155565975683 628.237647 155565975683 305.258759 
155584338209 577.237647 155584338215 109.367759 
155664989132 559.237647 155664989156 315.815759 
155668114961 297.237647 155668114950 82.388759 
155692564480 0.237647 155692564480 0.278759 
155707360145 629.237647 155707360141 217.283759 
155775575956 398.237647 155775575950 177.401759 
155836583678 615.237647 155836583692 134.000759 
155872682323 621.237647 155872682314 171.536759 
155935649006 633.237647 155935649025 157.460759 
155960941708 604.237647 155960941724 153.941759 
155985213721 294.237647 155985213728 168.017759 
156052867569 342.237647 156052867578 97.637759 
156380204498 503.237647 156380204488 210.245759 
156440075710 180.237647 156440075736 128.135759 
156515780881 575.237647 156515780882 220.802759 
156552064360 328.237647 156552064368 288.836759 
156766306304 0.237647 156766306304 0.278759 
156894426367 346.237647 156894426395 130.481759 
156987481207 144.237647 156987481233 92.945759 
157187585455 447.237647 157187585448 203.207759 
157304316831 314.237647 157304316849 184.439759 
157305573156 248.237647 157305573165 116.405759 
157398132271 148.237647 157398132281 179.747759 
157425605376 147.237647 157425605386 165.671759 
157430943743 658.237647 157430943765 144.557759 
157476181630 512.237647 157476181620 158.633759 
157560185393 105.237647 157560185400 326.372759 
157840048128 0.237647 157840048128 0.278759 
157973694143 400.237647 157973694155 294.701759 
158000768371 139.237647 158000768377 206.726759 
158054391940 242.237647 158054391939 177.401759 
158368320821 269.237647 158368320827 156.287759 
158467843715 504.237647 158467843709 143.384759 
158534701851 293.237647 158534701859 135.173759 
158580415434 327.237647 158580415443 218.456759 
158721965998 611.237647 158721965998 98.810759 
158913789952 0.237647 158913789952 0.278759 
158919968417 116.237647 158919968418 179.747759 
159097415076 146.237647 159097415087 274.760759 
159102505847 136.237647 159102505852 285.317759 
159149713431 384.237647 159149713439 297.047759 
159181657471 575.237647 159181657485 226.667759 
159303681155 545.237647 159303681159 409.655759 
159307796568 611.237647 159307796565 282.971759 
159323456280 291.237647 159323456278 155.114759 
159436530080 627.237647 159436530079 91.772759 
159482251006 223.237647 159482251015 134.000759 
159613055847 205.237647 159613055856 171.536759 
159615309854 593.237647 159615309856 288.836759 
159742845805 158.237647 159742845816 96.464759 
159802035176 592.237647 159802035170 159.806759 
159987531776 0.237647 159987531776 0.278759 
160286827356 585.237647 160286827372 197.342759 
160319909531 565.237647 160319909550 321.680759 
160345930380 341.237647 160345930390 295.874759 
160367705344 166.237647 160367705352 78.869759 
160447663085 291.237647 160447663093 298.220759 
160559238874 198.237647 160559238875 83.561759 
160562639097 175.237647 160562639103 290.009759 
160587986279 198.237647 160587986288 216.110759 
160657096194 595.237647 160657096223 105.848759 
160679103126 137.237647 160679103133 271.241759 
160777293763 678.237647 160777293757 172.709759 
160903119213 556.237647 160903119208 177.401759 
160933822568 529.237647 160933822573 198.515759 
160988867363 588.237647 160988867357 114.059759 
160997652707 391.237647 160997652717 146.903759 
161031852607 218.237647 161031852611 122.270759 
161061273600 0.237647 161061273600 0.278759 
161298782702 275.237647 161298782713 465.959759 
161394169355 336.237647 161394169360 293.528759 
161416400445 245.237647 161416400457 359.216759 
161707993939 112.237647 161707993947 178.574759 
161858009876 160.237647 161858009904 157.460759 
161996479355 606.751511 161996479350 189.734522 
162135015424 -0.248489 162135015424 -0.291478 
162446333579 290.751511 162446333589 -0.291478 
162531246597 154.751511 162531246611 111.143522 
162617310457 66.751511 162617310455 195.599522 
162618424499 544.751511 162618424499 149.852522 
162660301265 602.751511 162660301282 86.510522 
162865999338 163.751511 162865999348 326.975522 
162941459171 239.751511 162941459177 81.818522 
163006509896 199.751511 163006509920 127.565522 
163185894280 601.751511 163185894272 477.119522 
163208757248 -0.248489 163208757248 -0.291478 
163362350318 313.751511 163362350324 224.924522 
163379938060 359.751511 163379938067 289.439522 
163501369742 250.751511 163501369747 175.658522 
163537818636 346.751511 163537818643 322.283522 
163757736454 244.751511 163757736463 165.101522 
163982937622 362.751511 163982937625 107.624522 
164216964838 638.751511 164216964863 308.207522 
164262936320 528.751511 164262936312 166.274522 
164282499072 -0.248489 164282499072 -0.291478 
164465003485 372.751511 164465003507 99.413522 
164470604957 288.751511 164470604971 251.903522 
164574501379 522.751511 164574501395 187.388522 
164687086842 348.751511 164687086851 343.397522 
164811628150 187.751511 164811628179 182.696522 
164902327877 81.751511 164902327872 222.578522 
165228724057 267.751511 165228724065 295.304522 
165249298752 59.751511 165249298773 280.055522 
165321665289 109.751511 165321665301 172.139522 
165356240896 -0.248489 165356240896 -0.291478 
165370738202 537.751511 165370738205 473.600522 
165508754643 577.751511 165508754672 204.983522 
165718166221 253.751511 165718166230 212.021522 
165829702194 98.751511 165829702199 235.481522 
165904812133 337.751511 165904812139 147.506522 
166011685014 550.751511 166011685011 121.700522 
166429982720 -0.248489 166429982720 -0.291478 
166487638840 374.751511 166487638849 114.662522 
166704792347 551.751511 166704792371 165.101522 
166710492791 126.751511 166710492800 452.486522 
166773817499 566.751511 166773817496 194.426522 
166849762704 512.751511 166849762733 316.418522 
166951167761 298.751511 166951167765 59.531522 
167039473351 614.751511 167039473356 146.333522 
167126035540 301.751511 167126035545 310.553522 
167245004434 316.751511 167245004433 126.392522 
167316761732 240.751511 167316761734 183.869522 
167404903384 445.751511 167404903388 186.215522 
167503724544 -0.248489 167503724544 -0.291478 
167679464466 597.751511 167679464470 281.228522 
167935390674 307.751511 167935390679 166.274522 
168024988422 71.751511 168024988428 199.118522 
168113105377 277.751511 168113105380 66.569522 
168299274212 591.751511 168299274214 133.430522 
168323526565 173.751511 168323526593 189.734522 
168553632278 115.751511 168553632284 230.789522 
168577466368 -0.248489 168577466368 -0.291478 
168582936663 291.751511 168582936658 132.257522 
168750571570 313.751511 168750571578 136.949522 
168776774176 625.751511 168776774167 114.662522 
168896037020 199.751511 168896037031 81.818522 
169118067046 555.751511 169118067036 297.650522 
169208869233 183.751511 169208869221 109.970522 
169568638671 588.751511 169568638660 195.599522 
169651208192 -0.248489 169651208192 -0.291478 
169729188335 560.751511 169729188346 165.101522 
169814882215 525.751511 169814882240 163.928522 
169842017977 94.751511 169842018004 172.139522 
169983387234 340.751511 169983387245 98.240522 
169997957214 612.751511 169997957226 160.409522 
170207366819 92.751511 170207366826 185.042522 
170213338813 128.751511 170213338833 163.928522 
170387954416 282.751511 170387954420 186.215522 
170525856484 301.751511 170525856512 282.401522 
170577332371 593.751511 170577332397 242.519522 
170604260765 277.751511 170604260772 161.582522 
170674800557 242.751511 170674800563 175.658522 
170724950016 -0.248489 170724950016 -0.291478 
171036275813 164.751511 171036275833 101.759522 
171036729684 159.751511 171036729692 170.966522 
171184363847 172.751511 171184363836 154.544522 
171264640341 92.751511 171264640331 324.629522 
171265198778 191.751511 171265198789 125.219522 
171266030753 394.751511 171266030760 260.114522 
171315804440 246.751511 171315804441 108.797522 
171750582466 344.751511 171750582456 416.123522 
171798691840 -0.248489 171798691840 -0.291478 
171852534996 349.751511 171852535008 269.498522 
171959748612 221.751511 171959748622 231.962522 
171971734976 73.751511 171971734979 122.873522 
172008727054 123.751511 172008727071 165.101522 
172135230039 108.751511 172135230054 413.777522 
172217969600 523.751511 172217969593 412.604522 
172268359217 253.751511 172268359229 104.105522 
172270575289 192.751511 172270575311 197.945522 
172286754466 90.751511 172286754468 169.793522 
172340076837 354.751511 172340076844 299.996522 
172361931060 187.751511 172361931064 135.776522 
172398488730 350.751511 172398488737 768.023522 
172492773329 143.751511 172492773343 145.160522 
172657478409 167.751511 172657478414 133.430522 
172668469788 424.751511 172668469792 174.485522 
172679465740 90.751511 172679465736 168.620522 
172712125406 586.751511 172712125427 87.683522 
172872433664 -0.248489 172872433664 -0.291478 
172969313817 158.751511 172969313819 204.983522 
173004845632 413.751511 173004845639 119.354522 
173117893719 584.751511 173117893735 147.506522 
173206190007 225.751511 173206190015 117.008522 
173249990265 163.751511 173249990273 226.097522 
173422311397 270.751511 173422311410 128.738522 
173445417428 396.751511 173445417449 201.464522 
173529208330 585.751511 173529208331 235.481522 
173545393934 564.751511 173545393952 122.873522 
173562426941 202.751511 173562426934 169.793522 
173578716832 622.751511 173578716848 174.485522 
173627196373 242.751511 173627196382 97.067522 
173679229965 254.751511 173679229976 159.236522 
173890875367 592.265375 173890875359 166.877285 
173946175488 0.265375 173946175488 0.311285 
174051917489 121.265375 174051917495 363.941285 
174110747762 272.265375 174110747770 165.704285 
174168269859 144.265375 174168269868 211.451285 
174322889571 409.265375 174322889572 146.936285 
174549232590 355.265375 174549232580 149.282285 
174675149689 558.265375 174675149690 222.008285 
174712326247 341.265375 174712326253 294.734285 
174731496843 86.265375 174731496853 161.012285 
174755315731 497.265375 174755315734 144.590285 
174895886998 110.265375 174895887006 145.763285 
174986165046 633.265375 174986165064 179.780285 
175019917312 0.265375 175019917312 0.311285 
175030788732 600.265375 175030788734 146.936285 
175045209488 608.265375 175045209481 168.050285 
175138947135 556.265375 175138947151 209.105285 
175246264917 139.265375 175246264921 172.742285 
175443081409 286.265375 175443081420 119.957285 
175629820041 615.265375 175629820029 132.860285 
175644449382 179.265375 175644449388 490.625285 
175705241992 541.265375 175705241992 157.493285 
175898370196 637.265375 175898370198 192.683285 
175960568253 199.265375 175960568244 300.599285 
175965691230 72.265375 175965691230 73.037285 
175980549610 224.265375 175980549623 111.746285 
176040367826 217.265375 176040367834 290.042285 
176093659136 0.265375 176093659136 0.311285 
176254429973 567.265375 176254429987 125.822285 
176283608010 633.265375 176283608005 109.400285 
176299770544 401.265375 176299770550 136.379285 
176596002349 235.265375 176596002354 213.797285 
176601585011 612.265375 176601585026 118.784285 
176614055860 374.265375 176614055865 312.329285 
176703976044 579.265375 176703976052 365.114285 
176736552904 212.265375 176736552906 144.590285 
176949832451 344.265375 176949832467 206.759285 
177008315717 386.265375 177008315716 118.784285 
177012286530 629.265375 177012286525 184.472285 
177077288311 103.265375 177077288330 511.739285 
177167400960 0.265375 177167400960 0.311285 
177214774282 265.265375 177214774287 238.430285 
177258022757 138.265375 177258022773 170.396285 
177717234504 483.265375 177717234506 247.814285 
177780821255 556.265375 177780821279 190.337285 
177921402850 77.265375 177921402858 122.303285 
177990519703 140.265375 177990519711 197.375285 
178012367649 75.265375 178012367672 132.860285 
178057191371 382.265375 178057191399 368.633285 
178219422583 243.265375 178219422585 100.016285 
178241142784 0.265375 178241142784 0.311285 
178316714536 186.265375 178316714551 196.202285 
178365539270 550.265375 178365539272 178.607285 
178508173890 259.265375 178508173881 164.531285 
178597291973 188.265375 178597291979 273.620285 
178883021583 472.265375 178883021572 110.573285 
179174287437 438.265375 179174287446 200.894285 
179314884608 0.265375 179314884608 0.311285 
179416727475 286.265375 179416727467 155.147285 
179432650253 350.265375 179432650259 165.704285 
179498866414 333.265375 179498866436 326.405285 
179609290002 169.265375 179609289997 149.282285 
179733176349 310.265375 179733176375 125.822285 
179822207325 582.265375 179822207353 158.666285 
179958120587 113.265375 179958120594 256.025285 
