Filename:  C:\Users\au576929\Documents\ExperimentalPhysics3\X-rays\Absorbanter\Absorber1.mca
Description:  
TimeStamp:  11/11/2019 13:15:45

Spectral Data Information
Channel	Data
0	0
1	0
2	0
3	0
4	0
5	0
6	0
7	0
8	0
9	0
10	0
11	0
12	0
13	0
14	0
15	0
16	0
17	0
18	0
19	0
20	0
21	0
22	0
23	0
24	0
25	0
26	0
27	0
28	0
29	0
30	0
31	0
32	0
33	0
34	0
35	0
36	0
37	0
38	0
39	6
40	5
41	3
42	6
43	5
44	7
45	2
46	5
47	5
48	9
49	7
50	5
51	4
52	4
53	2
54	3
55	2
56	7
57	5
58	2
59	6
60	5
61	7
62	3
63	0
64	6
65	1
66	2
67	5
68	8
69	5
70	5
71	3
72	5
73	3
74	5
75	2
76	3
77	0
78	3
79	3
80	1
81	2
82	5
83	4
84	5
85	4
86	5
87	6
88	4
89	1
90	3
91	2
92	1
93	4
94	2
95	5
96	1
97	1
98	2
99	0
100	3
101	1
102	0
103	4
104	2
105	1
106	1
107	1
108	3
109	3
110	1
111	2
112	0
113	1
114	1
115	2
116	3
117	0
118	1
119	1
120	0
121	0
122	1
123	4
124	0
125	1
126	1
127	5
128	1
129	3
130	3
131	1
132	1
133	2
134	1
135	1
136	1
137	2
138	0
139	1
140	0
141	0
142	1
143	1
144	1
145	0
146	1
147	1
148	0
149	0
150	0
151	0
152	0
153	0
154	2
155	0
156	2
157	0
158	1
159	0
160	1
161	1
162	1
163	1
164	0
165	3
166	1
167	0
168	0
169	0
170	1
171	0
172	1
173	0
174	0
175	0
176	2
177	1
178	0
179	1
180	0
181	0
182	1
183	0
184	0
185	2
186	0
187	1
188	1
189	0
190	0
191	0
192	1
193	1
194	1
195	0
196	1
197	3
198	0
199	1
200	1
201	1
202	2
203	3
204	5
205	2
206	4
207	4
208	1
209	3
210	0
211	0
212	1
213	0
214	0
215	3
216	1
217	2
218	0
219	0
220	0
221	2
222	1
223	0
224	0
225	1
226	1
227	3
228	1
229	1
230	1
231	1
232	1
233	0
234	2
235	2
236	1
237	3
238	1
239	3
240	0
241	2
242	3
243	2
244	0
245	3
246	1
247	3
248	4
249	1
250	4
251	3
252	5
253	4
254	7
255	25
256	95
257	144
258	248
259	351
260	398
261	339
262	211
263	143
264	64
265	24
266	13
267	10
268	6
269	4
270	6
271	4
272	10
273	11
274	6
275	11
276	13
277	11
278	20
279	11
280	17
281	21
282	29
283	42
284	73
285	107
286	163
287	220
288	203
289	186
290	134
291	90
292	41
293	31
294	9
295	19
296	14
297	6
298	7
299	19
300	13
301	15
302	17
303	16
304	11
305	11
306	13
307	14
308	15
309	17
310	11
311	9
312	15
313	14
314	21
315	16
316	13
317	22
318	28
319	26
320	15
321	18
322	21
323	25
324	28
325	27
326	30
327	27
328	29
329	31
330	31
331	28
332	26
333	31
334	23
335	24
336	32
337	38
338	25
339	38
340	40
341	43
342	32
343	42
344	49
345	40
346	38
347	40
348	55
349	44
350	47
351	53
352	48
353	42
354	46
355	47
356	50
357	53
358	60
359	50
360	52
361	50
362	59
363	49
364	59
365	54
366	67
367	70
368	65
369	55
370	81
371	83
372	69
373	72
374	71
375	76
376	58
377	75
378	68
379	70
380	85
381	73
382	77
383	69
384	90
385	68
386	67
387	88
388	80
389	81
390	76
391	92
392	100
393	86
394	69
395	83
396	96
397	83
398	94
399	106
400	90
401	79
402	102
403	94
404	104
405	89
406	97
407	103
408	102
409	105
410	118
411	78
412	101
413	107
414	87
415	118
416	99
417	120
418	117
419	108
420	102
421	122
422	122
423	115
424	109
425	95
426	107
427	123
428	128
429	108
430	125
431	128
432	98
433	118
434	126
435	128
436	116
437	139
438	132
439	118
440	124
441	121
442	124
443	121
444	126
445	130
446	124
447	125
448	101
449	136
450	118
451	136
452	154
453	132
454	145
455	140
456	130
457	144
458	127
459	137
460	123
461	126
462	138
463	133
464	133
465	123
466	149
467	117
468	125
469	148
470	142
471	156
472	162
473	134
474	150
475	148
476	131
477	131
478	131
479	120
480	147
481	147
482	150
483	124
484	133
485	156
486	161
487	123
488	150
489	123
490	169
491	139
492	129
493	141
494	147
495	148
496	152
497	124
498	144
499	142
500	141
501	136
502	145
503	116
504	148
505	121
506	139
507	153
508	130
509	137
510	146
511	131
512	149
513	144
514	133
515	117
516	180
517	129
518	118
519	152
520	138
521	151
522	179
523	144
524	164
525	123
526	141
527	135
528	153
529	143
530	125
531	124
532	123
533	138
534	137
535	138
536	133
537	112
538	126
539	139
540	128
541	154
542	145
543	131
544	163
545	137
546	116
547	132
548	148
549	131
550	120
551	121
552	136
553	146
554	141
555	129
556	129
557	134
558	123
559	129
560	133
561	140
562	123
563	137
564	145
565	135
566	113
567	141
568	130
569	143
570	116
571	124
572	124
573	143
574	134
575	134
576	121
577	133
578	115
579	137
580	124
581	131
582	111
583	130
584	112
585	117
586	118
587	123
588	115
589	126
590	111
591	106
592	121
593	113
594	89
595	133
596	149
597	94
598	128
599	153
600	113
601	119
602	102
603	122
604	114
605	129
606	128
607	114
608	127
609	123
610	123
611	123
612	107
613	116
614	86
615	133
616	130
617	107
618	115
619	106
620	113
621	101
622	116
623	97
624	111
625	96
626	86
627	109
628	96
629	87
630	102
631	84
632	104
633	115
634	104
635	97
636	97
637	95
638	91
639	125
640	95
641	95
642	71
643	74
644	59
645	52
646	34
647	22
648	23
649	13
650	6
651	17
652	4
653	7
654	19
655	17
656	15
657	10
658	6
659	20
660	17
661	6
662	10
663	21
664	17
665	13
666	14
667	16
668	9
669	12
670	7
671	14
672	10
673	13
674	13
675	12
676	13
677	17
678	13
679	11
680	10
681	11
682	17
683	12
684	7
685	19
686	11
687	12
688	7
689	13
690	10
691	12
692	19
693	20
694	13
695	11
696	11
697	11
698	9
699	14
700	12
701	12
702	13
703	20
704	17
705	15
706	18
707	15
708	11
709	7
710	9
711	25
712	18
713	13
714	16
715	20
716	17
717	5
718	17
719	14
720	9
721	18
722	14
723	13
724	11
725	16
726	16
727	18
728	7
729	12
730	14
731	12
732	13
733	12
734	18
735	16
736	12
737	17
738	15
739	12
740	17
741	14
742	17
743	13
744	15
745	14
746	16
747	8
748	16
749	11
750	13
751	19
752	15
753	12
754	9
755	18
756	12
757	16
758	18
759	9
760	13
761	12
762	13
763	12
764	20
765	9
766	12
767	16
768	17
769	9
770	18
771	13
772	17
773	15
774	9
775	13
776	16
777	20
778	13
779	17
780	14
781	20
782	18
783	17
784	18
785	11
786	14
787	12
788	17
789	13
790	11
791	10
792	13
793	13
794	11
795	12
796	15
797	16
798	11
799	18
800	13
801	12
802	11
803	14
804	13
805	6
806	15
807	17
808	16
809	9
810	9
811	20
812	14
813	10
814	9
815	12
816	13
817	12
818	11
819	7
820	16
821	16
822	13
823	14
824	10
825	15
826	6
827	17
828	13
829	15
830	13
831	9
832	11
833	17
834	6
835	8
836	13
837	7
838	13
839	8
840	13
841	15
842	11
843	16
844	21
845	8
846	13
847	10
848	18
849	11
850	8
851	16
852	10
853	12
854	11
855	11
856	14
857	16
858	11
859	13
860	17
861	12
862	10
863	10
864	7
865	5
866	16
867	9
868	22
869	14
870	7
871	11
872	5
873	16
874	16
875	8
876	9
877	15
878	9
879	8
880	8
881	11
882	12
883	7
884	13
885	12
886	10
887	9
888	9
889	8
890	10
891	4
892	5
893	9
894	10
895	9
896	7
897	6
898	8
899	9
900	7
901	5
902	5
903	7
904	10
905	8
906	5
907	8
908	6
909	9
910	14
911	12
912	6
913	2
914	11
915	10
916	12
917	6
918	12
919	9
920	10
921	4
922	11
923	22
924	8
925	11
926	5
927	14
928	14
929	10
930	6
931	4
932	13
933	7
934	7
935	8
936	8
937	7
938	9
939	8
940	6
941	8
942	6
943	13
944	11
945	6
946	9
947	7
948	8
949	8
950	6
951	8
952	7
953	8
954	8
955	3
956	9
957	4
958	6
959	9
960	6
961	6
962	9
963	14
964	4
965	4
966	7
967	14
968	9
969	6
970	6
971	7
972	15
973	5
974	7
975	3
976	7
977	6
978	5
979	7
980	7
981	8
982	5
983	6
984	8
985	11
986	1
987	8
988	2
989	7
990	6
991	5
992	6
993	6
994	4
995	8
996	5
997	9
998	4
999	5
1000	6
1001	6
1002	12
1003	7
1004	7
1005	8
1006	5
1007	5
1008	7
1009	2
1010	11
1011	5
1012	5
1013	3
1014	3
1015	8
1016	7
1017	6
1018	4
1019	3
1020	4
1021	4
1022	5
1023	6
1024	4
1025	4
1026	3
1027	2
1028	5
1029	1
1030	2
1031	5
1032	4
1033	1
1034	5
1035	5
1036	4
1037	6
1038	2
1039	7
1040	2
1041	5
1042	8
1043	4
1044	6
1045	8
1046	2
1047	2
1048	4
1049	4
1050	6
1051	5
1052	1
1053	3
1054	1
1055	3
1056	1
1057	2
1058	4
1059	4
1060	1
1061	4
1062	3
1063	2
1064	1
1065	0
1066	3
1067	1
1068	0
1069	2
1070	3
1071	2
1072	3
1073	5
1074	4
1075	3
1076	1
1077	3
1078	2
1079	3
1080	4
1081	1
1082	5
1083	2
1084	3
1085	3
1086	3
1087	1
1088	2
1089	1
1090	2
1091	1
1092	2
1093	2
1094	1
1095	2
1096	2
1097	4
1098	0
1099	2
1100	3
1101	4
1102	1
1103	2
1104	0
1105	1
1106	2
1107	2
1108	1
1109	0
1110	2
1111	0
1112	1
1113	1
1114	0
1115	0
1116	2
1117	2
1118	1
1119	0
1120	1
1121	0
1122	2
1123	2
1124	0
1125	2
1126	0
1127	0
1128	1
1129	1
1130	1
1131	1
1132	1
1133	0
1134	0
1135	0
1136	0
1137	0
1138	1
1139	0
1140	0
1141	2
1142	0
1143	0
1144	0
1145	0
1146	2
1147	1
1148	0
1149	0
1150	0
1151	0
1152	0
1153	0
1154	0
1155	0
1156	0
1157	0
1158	1
1159	0
1160	0
1161	0
1162	0
1163	0
1164	0
1165	0
1166	0
1167	0
1168	0
1169	0
1170	0
1171	0
1172	0
1173	0
1174	0
1175	0
1176	0
1177	0
1178	0
1179	0
1180	0
1181	0
1182	0
1183	0
1184	0
1185	0
1186	0
1187	0
1188	0
1189	0
1190	0
1191	0
1192	0
1193	0
1194	0
1195	0
1196	0
1197	0
1198	0
1199	0
1200	0
1201	0
1202	0
1203	0
1204	0
1205	0
1206	0
1207	0
1208	0
1209	1
1210	0
1211	0
1212	0
1213	0
1214	0
1215	0
1216	0
1217	0
1218	0
1219	0
1220	0
1221	0
1222	0
1223	0
1224	0
1225	0
1226	0
1227	0
1228	0
1229	0
1230	0
1231	0
1232	0
1233	0
1234	0
1235	0
1236	0
1237	0
1238	0
1239	0
1240	0
1241	0
1242	0
1243	1
1244	0
1245	0
1246	0
1247	0
1248	0
1249	0
1250	0
1251	0
1252	0
1253	0
1254	0
1255	0
1256	0
1257	0
1258	0
1259	0
1260	0
1261	0
1262	0
1263	0
1264	0
1265	0
1266	0
1267	0
1268	0
1269	0
1270	0
1271	0
1272	0
1273	0
1274	0
1275	0
1276	0
1277	0
1278	0
1279	0
1280	0
1281	0
1282	0
1283	0
1284	0
1285	1
1286	0
1287	0
1288	0
1289	0
1290	0
1291	0
1292	0
1293	0
1294	0
1295	0
1296	0
1297	0
1298	0
1299	0
1300	0
1301	0
1302	0
1303	0
1304	0
1305	0
1306	0
1307	0
1308	0
1309	0
1310	0
1311	0
1312	0
1313	0
1314	0
1315	0
1316	0
1317	0
1318	0
1319	0
1320	0
1321	0
1322	0
1323	0
1324	0
1325	0
1326	0
1327	0
1328	0
1329	0
1330	0
1331	0
1332	0
1333	0
1334	0
1335	0
1336	0
1337	0
1338	0
1339	0
1340	0
1341	0
1342	0
1343	0
1344	0
1345	0
1346	0
1347	0
1348	0
1349	0
1350	0
1351	0
1352	0
1353	0
1354	0
1355	0
1356	0
1357	0
1358	0
1359	0
1360	0
1361	0
1362	0
1363	0
1364	0
1365	0
1366	0
1367	0
1368	0
1369	0
1370	0
1371	0
1372	0
1373	0
1374	0
1375	0
1376	0
1377	0
1378	0
1379	0
1380	0
1381	0
1382	0
1383	0
1384	0
1385	0
1386	0
1387	0
1388	0
1389	0
1390	0
1391	0
1392	0
1393	0
1394	0
1395	0
1396	0
1397	0
1398	0
1399	0
1400	0
1401	0
1402	0
1403	0
1404	0
1405	0
1406	0
1407	0
1408	0
1409	0
1410	0
1411	0
1412	0
1413	0
1414	0
1415	0
1416	0
1417	0
1418	0
1419	0
1420	0
1421	0
1422	0
1423	0
1424	0
1425	0
1426	0
1427	0
1428	0
1429	0
1430	0
1431	0
1432	0
1433	0
1434	0
1435	0
1436	0
1437	0
1438	0
1439	0
1440	0
1441	0
1442	0
1443	0
1444	0
1445	0
1446	0
1447	0
1448	0
1449	0
1450	0
1451	0
1452	0
1453	0
1454	0
1455	0
1456	0
1457	0
1458	0
1459	0
1460	0
1461	0
1462	0
1463	0
1464	0
1465	0
1466	0
1467	0
1468	0
1469	0
1470	0
1471	0
1472	0
1473	0
1474	0
1475	0
1476	0
1477	0
1478	0
1479	0
1480	0
1481	0
1482	0
1483	0
1484	0
1485	0
1486	0
1487	0
1488	0
1489	0
1490	0
1491	0
1492	0
1493	0
1494	0
1495	0
1496	0
1497	0
1498	0
1499	0
1500	0
1501	0
1502	0
1503	0
1504	0
1505	0
1506	0
1507	0
1508	0
1509	0
1510	0
1511	0
1512	0
1513	0
1514	0
1515	0
1516	0
1517	0
1518	0
1519	0
1520	0
1521	0
1522	0
1523	0
1524	0
1525	0
1526	0
1527	0
1528	0
1529	0
1530	0
1531	0
1532	0
1533	0
1534	0
1535	0
1536	0
1537	0
1538	0
1539	0
1540	0
1541	0
1542	0
1543	0
1544	0
1545	0
1546	0
1547	0
1548	0
1549	0
1550	0
1551	0
1552	0
1553	0
1554	0
1555	0
1556	0
1557	0
1558	0
1559	0
1560	0
1561	0
1562	0
1563	0
1564	0
1565	0
1566	0
1567	0
1568	0
1569	0
1570	0
1571	0
1572	0
1573	0
1574	0
1575	0
1576	0
1577	0
1578	0
1579	0
1580	0
1581	0
1582	0
1583	0
1584	0
1585	0
1586	0
1587	0
1588	0
1589	0
1590	0
1591	0
1592	0
1593	0
1594	0
1595	0
1596	0
1597	0
1598	0
1599	0
1600	0
1601	0
1602	0
1603	0
1604	0
1605	0
1606	0
1607	0
1608	0
1609	0
1610	0
1611	0
1612	0
1613	0
1614	0
1615	0
1616	0
1617	0
1618	0
1619	0
1620	0
1621	0
1622	0
1623	0
1624	0
1625	0
1626	0
1627	0
1628	0
1629	0
1630	0
1631	0
1632	0
1633	0
1634	0
1635	0
1636	0
1637	0
1638	0
1639	0
1640	0
1641	0
1642	0
1643	0
1644	0
1645	0
1646	0
1647	0
1648	0
1649	0
1650	0
1651	0
1652	0
1653	0
1654	0
1655	0
1656	0
1657	0
1658	0
1659	0
1660	0
1661	0
1662	0
1663	0
1664	0
1665	0
1666	0
1667	0
1668	0
1669	0
1670	0
1671	0
1672	0
1673	0
1674	0
1675	0
1676	0
1677	0
1678	0
1679	0
1680	0
1681	0
1682	0
1683	0
1684	0
1685	0
1686	0
1687	0
1688	0
1689	0
1690	0
1691	0
1692	0
1693	0
1694	0
1695	0
1696	0
1697	0
1698	0
1699	0
1700	0
1701	0
1702	0
1703	0
1704	0
1705	0
1706	0
1707	0
1708	0
1709	0
1710	0
1711	0
1712	0
1713	0
1714	0
1715	0
1716	0
1717	0
1718	0
1719	0
1720	0
1721	0
1722	0
1723	0
1724	0
1725	0
1726	0
1727	0
1728	0
1729	0
1730	0
1731	0
1732	0
1733	0
1734	0
1735	0
1736	0
1737	0
1738	0
1739	0
1740	0
1741	0
1742	0
1743	0
1744	0
1745	0
1746	0
1747	0
1748	0
1749	0
1750	0
1751	0
1752	0
1753	0
1754	0
1755	0
1756	0
1757	0
1758	0
1759	0
1760	0
1761	0
1762	0
1763	0
1764	0
1765	0
1766	0
1767	0
1768	0
1769	0
1770	0
1771	0
1772	0
1773	0
1774	0
1775	0
1776	0
1777	0
1778	0
1779	0
1780	0
1781	0
1782	0
1783	0
1784	0
1785	0
1786	0
1787	0
1788	0
1789	0
1790	0
1791	0
1792	0
1793	0
1794	0
1795	0
1796	0
1797	0
1798	0
1799	0
1800	0
1801	0
1802	0
1803	0
1804	0
1805	0
1806	0
1807	0
1808	0
1809	0
1810	0
1811	0
1812	0
1813	0
1814	0
1815	0
1816	0
1817	0
1818	0
1819	0
1820	0
1821	0
1822	0
1823	0
1824	0
1825	0
1826	0
1827	0
1828	0
1829	0
1830	0
1831	0
1832	0
1833	0
1834	0
1835	0
1836	0
1837	0
1838	0
1839	0
1840	0
1841	0
1842	0
1843	0
1844	0
1845	0
1846	0
1847	0
1848	0
1849	0
1850	0
1851	0
1852	0
1853	0
1854	0
1855	0
1856	0
1857	0
1858	0
1859	0
1860	0
1861	0
1862	0
1863	0
1864	0
1865	0
1866	0
1867	0
1868	0
1869	0
1870	0
1871	0
1872	0
1873	0
1874	0
1875	0
1876	0
1877	0
1878	0
1879	0
1880	0
1881	0
1882	0
1883	0
1884	0
1885	0
1886	0
1887	0
1888	0
1889	0
1890	0
1891	0
1892	0
1893	0
1894	0
1895	0
1896	0
1897	0
1898	0
1899	0
1900	0
1901	0
1902	0
1903	0
1904	0
1905	0
1906	0
1907	0
1908	0
1909	0
1910	0
1911	0
1912	0
1913	0
1914	0
1915	0
1916	0
1917	0
1918	0
1919	0
1920	0
1921	0
1922	0
1923	0
1924	0
1925	0
1926	0
1927	0
1928	0
1929	0
1930	0
1931	0
1932	0
1933	0
1934	0
1935	0
1936	0
1937	0
1938	0
1939	0
1940	0
1941	0
1942	0
1943	0
1944	0
1945	0
1946	0
1947	0
1948	0
1949	0
1950	0
1951	0
1952	0
1953	0
1954	0
1955	0
1956	0
1957	0
1958	0
1959	0
1960	0
1961	0
1962	0
1963	0
1964	0
1965	0
1966	0
1967	0
1968	0
1969	0
1970	0
1971	0
1972	0
1973	0
1974	0
1975	0
1976	0
1977	0
1978	0
1979	0
1980	0
1981	0
1982	0
1983	0
1984	0
1985	0
1986	0
1987	0
1988	0
1989	0
1990	0
1991	0
1992	0
1993	0
1994	0
1995	0
1996	0
1997	0
1998	0
1999	0
2000	0
2001	0
2002	0
2003	0
2004	0
2005	0
2006	0
2007	0
2008	0
2009	0
2010	0
2011	0
2012	0
2013	0
2014	0
2015	0
2016	0
2017	0
2018	0
2019	0
2020	0
2021	0
2022	0
2023	0
2024	0
2025	0
2026	0
2027	0
2028	0
2029	0
2030	0
2031	0
2032	0
2033	0
2034	0
2035	0
2036	0
2037	0
2038	0
2039	0
2040	0
2041	0
2042	0
2043	0
2044	0
2045	0
2046	0
2047	0
