Filename:  C:\Users\au576929\Documents\ExperimentalPhysics3\X-rays\Fe-Ni kalibrering\Meteor2.mca
Description:  
TimeStamp:  11/18/2019 12:03:37

Spectral Data Information
Channel	Data
0	0
1	0
2	0
3	0
4	0
5	0
6	0
7	0
8	0
9	0
10	0
11	0
12	0
13	0
14	0
15	0
16	0
17	0
18	0
19	0
20	0
21	0
22	0
23	0
24	0
25	0
26	0
27	0
28	0
29	0
30	0
31	0
32	0
33	0
34	0
35	0
36	0
37	0
38	0
39	0
40	1
41	0
42	1
43	1
44	1
45	0
46	0
47	2
48	1
49	0
50	0
51	0
52	0
53	0
54	0
55	0
56	0
57	1
58	1
59	1
60	0
61	2
62	1
63	2
64	1
65	0
66	0
67	0
68	0
69	1
70	0
71	1
72	1
73	0
74	1
75	3
76	0
77	3
78	0
79	1
80	2
81	1
82	1
83	0
84	0
85	3
86	1
87	1
88	1
89	2
90	1
91	3
92	1
93	1
94	5
95	1
96	1
97	1
98	0
99	2
100	0
101	0
102	0
103	2
104	1
105	2
106	1
107	1
108	3
109	1
110	1
111	2
112	0
113	1
114	0
115	1
116	2
117	6
118	11
119	19
120	13
121	10
122	5
123	3
124	0
125	1
126	0
127	1
128	4
129	1
130	4
131	4
132	3
133	2
134	2
135	1
136	2
137	0
138	1
139	0
140	0
141	1
142	1
143	2
144	6
145	4
146	2
147	5
148	7
149	16
150	18
151	26
152	13
153	8
154	5
155	0
156	2
157	4
158	2
159	2
160	2
161	4
162	1
163	0
164	3
165	2
166	2
167	1
168	2
169	2
170	1
171	11
172	13
173	32
174	45
175	53
176	40
177	37
178	14
179	8
180	2
181	4
182	4
183	3
184	3
185	2
186	7
187	13
188	23
189	50
190	60
191	62
192	60
193	47
194	28
195	21
196	13
197	13
198	21
199	27
200	30
201	69
202	202
203	620
204	1390
205	2644
206	4089
207	4547
208	4002
209	2741
210	1365
211	564
212	178
213	56
214	21
215	12
216	9
217	5
218	9
219	15
220	9
221	30
222	39
223	74
224	127
225	231
226	481
227	677
228	718
229	718
230	489
231	269
232	140
233	46
234	15
235	8
236	6
237	13
238	19
239	35
240	47
241	70
242	54
243	51
244	33
245	20
246	14
247	6
248	11
249	10
250	26
251	38
252	45
253	46
254	69
255	75
256	104
257	140
258	204
259	210
260	213
261	169
262	111
263	63
264	34
265	29
266	18
267	24
268	8
269	7
270	5
271	5
272	4
273	2
274	11
275	4
276	9
277	11
278	14
279	9
280	16
281	16
282	12
283	28
284	12
285	25
286	30
287	33
288	36
289	21
290	19
291	7
292	5
293	1
294	0
295	2
296	1
297	2
298	1
299	4
300	2
301	1
302	2
303	2
304	2
305	1
306	3
307	1
308	5
309	1
310	2
311	2
312	1
313	1
314	4
315	2
316	4
317	1
318	0
319	4
320	3
321	1
322	1
323	1
324	0
325	2
326	1
327	5
328	1
329	5
330	3
331	2
332	1
333	4
334	3
335	2
336	3
337	0
338	4
339	3
340	6
341	4
342	1
343	1
344	1
345	5
346	1
347	2
348	1
349	2
350	3
351	1
352	2
353	3
354	2
355	2
356	2
357	2
358	3
359	4
360	2
361	4
362	5
363	1
364	1
365	2
366	7
367	1
368	4
369	4
370	2
371	0
372	4
373	3
374	0
375	1
376	1
377	3
378	0
379	5
380	4
381	2
382	0
383	1
384	3
385	4
386	5
387	4
388	2
389	4
390	0
391	1
392	3
393	4
394	6
395	4
396	3
397	1
398	1
399	1
400	6
401	2
402	1
403	2
404	0
405	4
406	3
407	6
408	3
409	4
410	1
411	3
412	1
413	5
414	5
415	4
416	4
417	2
418	5
419	2
420	3
421	1
422	5
423	3
424	5
425	4
426	4
427	4
428	1
429	1
430	0
431	2
432	4
433	2
434	3
435	0
436	1
437	5
438	2
439	7
440	6
441	1
442	2
443	3
444	1
445	2
446	3
447	2
448	1
449	5
450	4
451	0
452	1
453	3
454	3
455	2
456	1
457	2
458	6
459	2
460	4
461	2
462	4
463	4
464	4
465	5
466	3
467	4
468	1
469	2
470	2
471	3
472	2
473	2
474	0
475	2
476	0
477	1
478	3
479	0
480	2
481	0
482	4
483	6
484	3
485	6
486	5
487	1
488	1
489	3
490	2
491	3
492	3
493	6
494	4
495	4
496	2
497	5
498	3
499	4
500	3
501	3
502	5
503	2
504	1
505	3
506	0
507	4
508	1
509	2
510	4
511	0
512	1
513	2
514	3
515	6
516	3
517	3
518	2
519	4
520	3
521	1
522	3
523	3
524	1
525	2
526	0
527	4
528	5
529	4
530	0
531	0
532	4
533	1
534	3
535	2
536	2
537	4
538	1
539	2
540	2
541	4
542	3
543	4
544	0
545	1
546	3
547	2
548	1
549	2
550	4
551	2
552	2
553	5
554	0
555	2
556	2
557	1
558	2
559	3
560	1
561	4
562	4
563	3
564	2
565	2
566	1
567	5
568	1
569	1
570	2
571	4
572	3
573	2
574	3
575	0
576	1
577	1
578	1
579	7
580	2
581	1
582	1
583	0
584	1
585	4
586	0
587	2
588	1
589	1
590	1
591	3
592	1
593	0
594	2
595	0
596	3
597	2
598	5
599	4
600	3
601	1
602	3
603	0
604	0
605	4
606	2
607	1
608	1
609	6
610	5
611	2
612	3
613	3
614	3
615	1
616	0
617	4
618	1
619	3
620	3
621	1
622	1
623	1
624	2
625	2
626	1
627	3
628	3
629	0
630	1
631	1
632	2
633	2
634	3
635	1
636	0
637	0
638	2
639	2
640	4
641	0
642	6
643	1
644	0
645	2
646	2
647	2
648	3
649	1
650	1
651	1
652	1
653	2
654	3
655	0
656	2
657	0
658	3
659	0
660	1
661	0
662	0
663	0
664	1
665	2
666	1
667	3
668	2
669	0
670	0
671	2
672	2
673	1
674	2
675	3
676	1
677	0
678	1
679	1
680	1
681	1
682	0
683	3
684	2
685	2
686	0
687	0
688	3
689	2
690	1
691	4
692	0
693	0
694	3
695	0
696	1
697	1
698	1
699	2
700	1
701	2
702	1
703	3
704	0
705	1
706	2
707	2
708	3
709	2
710	0
711	0
712	0
713	0
714	1
715	5
716	1
717	1
718	1
719	0
720	1
721	0
722	1
723	1
724	1
725	1
726	0
727	1
728	2
729	3
730	2
731	1
732	4
733	1
734	1
735	0
736	1
737	1
738	0
739	2
740	2
741	3
742	2
743	1
744	0
745	4
746	0
747	3
748	3
749	1
750	1
751	1
752	1
753	0
754	1
755	1
756	3
757	4
758	2
759	1
760	0
761	2
762	0
763	2
764	2
765	0
766	1
767	2
768	1
769	2
770	0
771	1
772	1
773	0
774	3
775	0
776	2
777	4
778	3
779	1
780	2
781	1
782	3
783	3
784	1
785	2
786	1
787	1
788	1
789	0
790	0
791	2
792	0
793	2
794	1
795	1
796	1
797	2
798	0
799	1
800	2
801	1
802	0
803	1
804	2
805	2
806	2
807	2
808	0
809	1
810	0
811	2
812	1
813	3
814	0
815	1
816	0
817	0
818	0
819	1
820	0
821	1
822	1
823	2
824	0
825	1
826	0
827	0
828	2
829	0
830	1
831	1
832	1
833	1
834	0
835	1
836	0
837	0
838	1
839	1
840	1
841	0
842	2
843	1
844	2
845	1
846	2
847	0
848	0
849	0
850	1
851	3
852	0
853	0
854	2
855	1
856	0
857	0
858	1
859	0
860	2
861	2
862	0
863	0
864	1
865	0
866	0
867	0
868	1
869	2
870	0
871	2
872	1
873	0
874	2
875	1
876	0
877	0
878	1
879	2
880	1
881	0
882	1
883	0
884	2
885	1
886	1
887	1
888	0
889	0
890	0
891	2
892	1
893	0
894	0
895	0
896	0
897	0
898	0
899	2
900	0
901	0
902	1
903	0
904	1
905	0
906	1
907	0
908	0
909	1
910	2
911	1
912	0
913	2
914	0
915	0
916	0
917	1
918	1
919	0
920	0
921	0
922	2
923	1
924	0
925	0
926	1
927	2
928	0
929	0
930	0
931	0
932	1
933	3
934	1
935	1
936	0
937	0
938	0
939	0
940	1
941	0
942	0
943	0
944	1
945	0
946	1
947	1
948	0
949	0
950	0
951	1
952	0
953	0
954	2
955	1
956	1
957	0
958	1
959	2
960	0
961	0
962	0
963	1
964	0
965	0
966	0
967	0
968	2
969	0
970	0
971	0
972	0
973	0
974	1
975	0
976	0
977	0
978	0
979	0
980	0
981	0
982	1
983	0
984	0
985	0
986	0
987	0
988	0
989	0
990	0
991	0
992	0
993	1
994	0
995	0
996	0
997	0
998	0
999	0
1000	0
1001	0
1002	0
1003	0
1004	1
1005	0
1006	0
1007	0
1008	1
1009	0
1010	1
1011	0
1012	0
1013	2
1014	0
1015	0
1016	0
1017	0
1018	1
1019	0
1020	0
1021	0
1022	0
1023	0
1024	1
1025	0
1026	0
1027	0
1028	1
1029	0
1030	0
1031	0
1032	0
1033	0
1034	0
1035	0
1036	0
1037	0
1038	0
1039	0
1040	1
1041	0
1042	2
1043	0
1044	0
1045	0
1046	1
1047	0
1048	0
1049	0
1050	0
1051	0
1052	0
1053	0
1054	0
1055	0
1056	0
1057	0
1058	0
1059	0
1060	0
1061	0
1062	0
1063	0
1064	0
1065	0
1066	0
1067	0
1068	0
1069	0
1070	0
1071	0
1072	0
1073	0
1074	0
1075	0
1076	2
1077	0
1078	0
1079	0
1080	0
1081	0
1082	0
1083	0
1084	1
1085	0
1086	0
1087	0
1088	0
1089	0
1090	0
1091	0
1092	0
1093	0
1094	0
1095	0
1096	0
1097	0
1098	0
1099	0
1100	0
1101	0
1102	0
1103	0
1104	0
1105	0
1106	0
1107	0
1108	0
1109	0
1110	1
1111	0
1112	0
1113	0
1114	0
1115	0
1116	0
1117	0
1118	0
1119	0
1120	0
1121	0
1122	0
1123	0
1124	0
1125	0
1126	0
1127	0
1128	0
1129	0
1130	0
1131	0
1132	0
1133	0
1134	0
1135	0
1136	0
1137	0
1138	0
1139	0
1140	0
1141	1
1142	0
1143	0
1144	0
1145	0
1146	0
1147	0
1148	0
1149	0
1150	0
1151	1
1152	0
1153	0
1154	0
1155	0
1156	0
1157	0
1158	0
1159	0
1160	0
1161	0
1162	0
1163	0
1164	0
1165	0
1166	0
1167	0
1168	0
1169	0
1170	0
1171	0
1172	0
1173	0
1174	0
1175	0
1176	0
1177	0
1178	0
1179	0
1180	0
1181	0
1182	0
1183	0
1184	0
1185	0
1186	0
1187	0
1188	0
1189	0
1190	0
1191	0
1192	0
1193	0
1194	0
1195	0
1196	0
1197	0
1198	0
1199	0
1200	0
1201	0
1202	0
1203	0
1204	0
1205	0
1206	0
1207	0
1208	0
1209	0
1210	0
1211	0
1212	0
1213	0
1214	0
1215	0
1216	0
1217	0
1218	0
1219	0
1220	0
1221	0
1222	0
1223	0
1224	0
1225	0
1226	0
1227	0
1228	0
1229	0
1230	0
1231	0
1232	0
1233	0
1234	0
1235	0
1236	0
1237	0
1238	0
1239	0
1240	0
1241	0
1242	0
1243	0
1244	0
1245	0
1246	0
1247	0
1248	0
1249	0
1250	0
1251	0
1252	0
1253	0
1254	0
1255	0
1256	0
1257	0
1258	0
1259	0
1260	0
1261	0
1262	0
1263	0
1264	0
1265	0
1266	0
1267	0
1268	0
1269	0
1270	0
1271	0
1272	0
1273	0
1274	0
1275	0
1276	0
1277	0
1278	0
1279	0
1280	0
1281	0
1282	0
1283	0
1284	0
1285	0
1286	0
1287	0
1288	0
1289	0
1290	0
1291	0
1292	0
1293	0
1294	0
1295	0
1296	0
1297	0
1298	0
1299	0
1300	0
1301	0
1302	0
1303	0
1304	0
1305	0
1306	0
1307	0
1308	0
1309	0
1310	0
1311	0
1312	0
1313	0
1314	0
1315	0
1316	0
1317	0
1318	0
1319	0
1320	0
1321	0
1322	0
1323	0
1324	0
1325	0
1326	0
1327	0
1328	0
1329	0
1330	0
1331	0
1332	0
1333	0
1334	0
1335	0
1336	0
1337	0
1338	0
1339	0
1340	0
1341	0
1342	0
1343	0
1344	0
1345	0
1346	0
1347	0
1348	0
1349	0
1350	0
1351	0
1352	0
1353	0
1354	0
1355	0
1356	0
1357	0
1358	0
1359	0
1360	0
1361	0
1362	0
1363	0
1364	0
1365	0
1366	0
1367	0
1368	0
1369	0
1370	0
1371	0
1372	0
1373	0
1374	0
1375	0
1376	0
1377	0
1378	0
1379	0
1380	0
1381	0
1382	0
1383	0
1384	0
1385	0
1386	0
1387	0
1388	0
1389	0
1390	0
1391	0
1392	0
1393	0
1394	0
1395	0
1396	0
1397	0
1398	0
1399	0
1400	0
1401	0
1402	0
1403	0
1404	0
1405	0
1406	0
1407	0
1408	0
1409	0
1410	0
1411	0
1412	0
1413	0
1414	0
1415	0
1416	0
1417	0
1418	0
1419	0
1420	0
1421	0
1422	0
1423	0
1424	0
1425	0
1426	0
1427	0
1428	0
1429	0
1430	0
1431	0
1432	0
1433	0
1434	0
1435	0
1436	0
1437	0
1438	0
1439	0
1440	0
1441	0
1442	0
1443	0
1444	0
1445	0
1446	0
1447	0
1448	0
1449	0
1450	0
1451	0
1452	0
1453	0
1454	0
1455	0
1456	0
1457	0
1458	0
1459	0
1460	0
1461	0
1462	0
1463	0
1464	0
1465	0
1466	0
1467	0
1468	0
1469	0
1470	0
1471	0
1472	0
1473	0
1474	0
1475	0
1476	0
1477	0
1478	0
1479	0
1480	0
1481	0
1482	0
1483	0
1484	0
1485	0
1486	0
1487	0
1488	0
1489	0
1490	0
1491	0
1492	0
1493	0
1494	0
1495	0
1496	0
1497	0
1498	0
1499	0
1500	0
1501	0
1502	0
1503	0
1504	0
1505	0
1506	0
1507	0
1508	0
1509	0
1510	0
1511	0
1512	0
1513	0
1514	0
1515	0
1516	0
1517	0
1518	0
1519	0
1520	0
1521	0
1522	0
1523	0
1524	0
1525	0
1526	0
1527	0
1528	0
1529	0
1530	0
1531	0
1532	0
1533	0
1534	0
1535	0
1536	0
1537	0
1538	0
1539	0
1540	0
1541	0
1542	0
1543	0
1544	0
1545	0
1546	0
1547	0
1548	0
1549	0
1550	0
1551	0
1552	0
1553	0
1554	0
1555	0
1556	0
1557	0
1558	0
1559	0
1560	0
1561	0
1562	0
1563	0
1564	0
1565	0
1566	0
1567	0
1568	0
1569	0
1570	0
1571	0
1572	0
1573	0
1574	0
1575	0
1576	0
1577	0
1578	0
1579	0
1580	0
1581	0
1582	0
1583	0
1584	0
1585	0
1586	0
1587	0
1588	0
1589	0
1590	0
1591	0
1592	0
1593	0
1594	0
1595	0
1596	0
1597	0
1598	0
1599	0
1600	0
1601	0
1602	0
1603	0
1604	0
1605	0
1606	0
1607	0
1608	0
1609	0
1610	0
1611	0
1612	0
1613	0
1614	0
1615	0
1616	0
1617	0
1618	0
1619	0
1620	0
1621	0
1622	0
1623	0
1624	0
1625	0
1626	0
1627	0
1628	0
1629	0
1630	0
1631	0
1632	0
1633	0
1634	0
1635	0
1636	0
1637	0
1638	0
1639	0
1640	0
1641	0
1642	0
1643	0
1644	0
1645	0
1646	0
1647	0
1648	0
1649	0
1650	0
1651	0
1652	0
1653	0
1654	0
1655	0
1656	0
1657	0
1658	0
1659	0
1660	0
1661	0
1662	0
1663	0
1664	0
1665	0
1666	0
1667	0
1668	0
1669	0
1670	0
1671	0
1672	0
1673	0
1674	0
1675	0
1676	0
1677	0
1678	0
1679	0
1680	0
1681	0
1682	0
1683	0
1684	0
1685	0
1686	0
1687	0
1688	0
1689	0
1690	0
1691	0
1692	0
1693	0
1694	0
1695	0
1696	0
1697	0
1698	0
1699	0
1700	0
1701	0
1702	0
1703	0
1704	0
1705	0
1706	0
1707	0
1708	0
1709	0
1710	0
1711	0
1712	0
1713	0
1714	0
1715	0
1716	0
1717	0
1718	0
1719	0
1720	0
1721	0
1722	0
1723	0
1724	0
1725	0
1726	0
1727	0
1728	0
1729	0
1730	0
1731	0
1732	0
1733	0
1734	0
1735	0
1736	0
1737	0
1738	0
1739	0
1740	0
1741	0
1742	0
1743	0
1744	0
1745	0
1746	0
1747	0
1748	0
1749	0
1750	0
1751	0
1752	0
1753	0
1754	0
1755	0
1756	0
1757	0
1758	0
1759	0
1760	0
1761	0
1762	0
1763	0
1764	0
1765	0
1766	0
1767	0
1768	0
1769	0
1770	0
1771	0
1772	0
1773	0
1774	0
1775	0
1776	0
1777	0
1778	0
1779	0
1780	0
1781	0
1782	0
1783	0
1784	0
1785	0
1786	0
1787	0
1788	0
1789	0
1790	0
1791	0
1792	0
1793	0
1794	0
1795	0
1796	0
1797	0
1798	0
1799	0
1800	0
1801	0
1802	0
1803	0
1804	0
1805	0
1806	0
1807	0
1808	0
1809	0
1810	0
1811	0
1812	0
1813	0
1814	0
1815	0
1816	0
1817	0
1818	0
1819	0
1820	0
1821	0
1822	0
1823	0
1824	0
1825	0
1826	0
1827	0
1828	0
1829	0
1830	0
1831	0
1832	0
1833	0
1834	0
1835	0
1836	0
1837	0
1838	0
1839	0
1840	0
1841	0
1842	0
1843	0
1844	0
1845	0
1846	0
1847	0
1848	0
1849	0
1850	0
1851	0
1852	0
1853	0
1854	0
1855	0
1856	0
1857	0
1858	0
1859	0
1860	0
1861	0
1862	0
1863	0
1864	0
1865	0
1866	0
1867	0
1868	0
1869	0
1870	0
1871	0
1872	0
1873	0
1874	0
1875	0
1876	0
1877	0
1878	0
1879	0
1880	0
1881	0
1882	0
1883	0
1884	0
1885	0
1886	0
1887	0
1888	0
1889	0
1890	0
1891	0
1892	0
1893	0
1894	0
1895	0
1896	0
1897	0
1898	0
1899	0
1900	0
1901	0
1902	0
1903	0
1904	0
1905	0
1906	0
1907	0
1908	0
1909	0
1910	0
1911	0
1912	0
1913	0
1914	0
1915	0
1916	0
1917	0
1918	0
1919	0
1920	0
1921	0
1922	0
1923	0
1924	0
1925	0
1926	0
1927	0
1928	0
1929	0
1930	0
1931	0
1932	0
1933	0
1934	0
1935	0
1936	0
1937	0
1938	0
1939	0
1940	0
1941	0
1942	0
1943	0
1944	0
1945	0
1946	0
1947	0
1948	0
1949	0
1950	0
1951	0
1952	0
1953	0
1954	0
1955	0
1956	0
1957	0
1958	0
1959	0
1960	0
1961	0
1962	0
1963	0
1964	0
1965	0
1966	0
1967	0
1968	0
1969	0
1970	0
1971	0
1972	0
1973	0
1974	0
1975	0
1976	0
1977	0
1978	0
1979	0
1980	0
1981	0
1982	0
1983	0
1984	0
1985	0
1986	0
1987	0
1988	0
1989	0
1990	0
1991	0
1992	0
1993	0
1994	0
1995	0
1996	0
1997	0
1998	0
1999	0
2000	0
2001	0
2002	0
2003	0
2004	0
2005	0
2006	0
2007	0
2008	0
2009	0
2010	0
2011	0
2012	0
2013	0
2014	0
2015	0
2016	0
2017	0
2018	0
2019	0
2020	0
2021	0
2022	0
2023	0
2024	0
2025	0
2026	0
2027	0
2028	0
2029	0
2030	0
2031	0
2032	0
2033	0
2034	0
2035	0
2036	0
2037	0
2038	0
2039	0
2040	0
2041	0
2042	0
2043	0
2044	0
2045	0
2046	0
2047	0
