HEADER0:1281
HEADER1:1792
HEADER2:513
HEADER3:770
HEADER4:32772
249322331 -1 0 
699675064 -1 0 
737434594 -1 0 
1097261541 -1 0 
1181196673 -1 0 
2304533075 -1 0 
3657125321 -1 0 
4200774551 -1 0 
4346143746 -1 0 
4352214661 -1 0 
4595305184 -1 0 
4659500559 -1 0 
5670137806 -1 0 
5896358859 -1 0 
6146502187 -1 0 
6222667139 -1 0 
6524541292 -1 0 
7154586244 -1 0 
7857933557 -1 0 
8179088469 -1 0 
8311131324 -1 0 
8458154560 -1 0 
8496585838 -1 0 
8757362090 -1 0 
9012036620 -1 0 
9179705569 -1 0 
9362255577 -1 0 
9441895961 -1 0 
9700821374 -1 0 
9981058941 -1 0 
10093562177 -1 0 
10184795297 -1 0 
10205940901 -1 0 
10428676790 -1 0 
11004170574 -1 0 
11819332144 -1 0 
12070077486 -1 0 
12813826602 -1 0 
12892467326 -1 0 
13068089965 -1 0 
13276422839 -1 0 
13356024511 -1 0 
13458103289 -1 0 
13486245530 -1 0 
13690141793 -1 0 
13887894747 -1 0 
14010245898 -1 0 
14143402867 -1 0 
14155232829 -1 0 
14228706327 -1 0 
14341595777 -1 0 
14671285992 -1 0 
14776536850 -1 0 
15363772732 -1 0 
15506711426 -1 0 
16090559714 -1 0 
16489320482 -1 0 
16677829653 -1 0 
17275314491 -1 0 
17820165577 -1 0 
18066965215 -1 0 
18282497424 -1 0 
18310624368 -1 0 
19194773970 -1 0 
19358909487 -1 0 
19372984685 -1 0 
19750416294 -1 0 
19772417316 -1 0 
20100857093 -1 0 
20345010272 -1 0 
21297799204 -1 0 
21453993735 -1 0 
21467682840 -1 0 
21622554385 -1 0 
21848274941 -1 0 
22365043746 -1 0 
22613122452 -1 0 
23091607041 -1 0 
23233779175 -1 0 
23374837092 -1 0 
23394285075 -1 0 
23681260188 -1 0 
23822221699 -1 0 
24277886878 -1 0 
24515929423 -1 0 
24636906667 -1 0 
25071637930 -1 0 
25458518855 -1 0 
25872406342 -1 0 
25948368456 -1 0 
26117508593 -1 0 
26406744238 -1 0 
27319291560 -1 0 
27333718176 -1 0 
27547262246 -1 0 
27553337507 -1 0 
27868949816 -1 0 
28055650426 -1 0 
28108051839 -1 0 
28448648763 -1 0 
29141608458 -1 0 
29870337223 -1 0 
30133070506 -1 0 
30137111803 -1 0 
30406888826 -1 0 
30457882643 -1 0 
30892129606 -1 0 
31275006326 -1 0 
31316362949 -1 0 
31580649650 -1 0 
32170576164 -1 0 
32282257407 -1 0 
32413600582 -1 0 
32453297967 -1 0 
32786051225 -1 0 
33045883068 -1 0 
34494107069 -1 0 
34681332030 -1 0 
34846724774 -1 0 
35331730679 -1 0 
35514661457 -1 0 
36723003300 -1 0 
36974528853 -1 0 
36996011026 -1 0 
37191501444 -1 0 
37198460067 -1 0 
37625865865 -1 0 
37979638501 -1 0 
38211189105 -1 0 
38305221547 -1 0 
38605266710 -1 0 
38770495195 -1 0 
39264874610 -1 0 
39872815366 -1 0 
39977650018 -1 0 
40130150081 -1 0 
40164436213 -1 0 
40881736104 -1 0 
40915538480 -1 0 
41222511604 -1 0 
42066907979 -1 0 
42578857292 -1 0 
42605773851 -1 0 
42994688645 -1 0 
43207513322 -1 0 
43428483583 -1 0 
43733599422 -1 0 
43987255438 -1 0 
44145978588 -1 0 
44596337792 -1 0 
44728881936 -1 0 
44924500168 -1 0 
44942742429 -1 0 
45306550517 -1 0 
45586953027 -1 0 
45968655835 -1 0 
46464923711 -1 0 
46985905492 -1 0 
47172259367 -1 0 
47221069482 -1 0 
47230038507 -1 0 
47348825410 -1 0 
47442911009 -1 0 
48036441806 -1 0 
48292620982 -1 0 
48614094992 -1 0 
48876440960 -1 0 
49007945077 -1 0 
49840141969 -1 0 
49986431610 -1 0 
50201184047 -1 0 
50739350261 -1 0 
50921771262 -1 0 
50928919872 -1 0 
51923464660 -1 0 
52415944950 -1 0 
53379663413 -1 0 
53600436803 -1 0 
53638976368 -1 0 
53980886307 -1 0 
54091646864 -1 0 
54103995379 -1 0 
55199873987 -1 0 
55488134505 -1 0 
55656728355 -1 0 
55690292502 -1 0 
56279625110 -1 0 
56684120914 -1 0 
57176150073 -1 0 
57354764030 -1 0 
57413217501 -1 0 
57712225689 -1 0 
58500421204 -1 0 
58549355098 -1 0 
59443078028 -1 0 
59445269699 -1 0 
59594953977 -1 0 
60080598217 -1 0 
60122174121 -1 0 
