HEADER0:1281
HEADER1:1792
HEADER2:513
HEADER3:770
HEADER4:32772
1153836 469 0 
1354659 591 0 
1850499 71 0 
4147421 489 0 
4832458 179 0 
6193431 590 0 
8085336 280 0 
8679206 289 0 
9147317 606 0 
10618840 229 0 
12334128 395 0 
14575177 292 0 
14803244 535 0 
17155538 272 0 
19301142 89 0 
19384514 545 0 
19933775 104 0 
22319288 78 0 
23896897 486 0 
24858444 283 0 
25642086 558 0 
26447126 75 0 
27804181 557 0 
30237774 174 0 
33092199 522 0 
33593060 148 0 
34322887 511 0 
34661436 557 0 
35450580 519 0 
36480802 133 0 
37332520 535 0 
37984938 593 0 
38714291 525 0 
40289360 81 0 
41589478 242 0 
42674661 215 0 
44417868 96 0 
44893229 607 0 
45500286 565 0 
50486262 178 0 
50761955 239 0 
51169777 545 0 
51662756 663 0 
51899469 546 0 
54566426 239 0 
54848854 74 0 
57498383 491 0 
57664806 554 0 
57843680 561 0 
65158205 532 0 
66798953 87 0 
67311857 606 0 
68025059 590 0 
69910182 524 0 
70706034 552 0 
72372490 514 0 
73785390 572 0 
73908974 226 0 
74381368 535 0 
74969376 80 0 
76189346 611 0 
77115020 499 0 
80530411 190 0 
80925967 157 0 
81703845 550 0 
85164625 516 0 
87618182 218 0 
91989211 498 0 
93811867 303 0 
96807517 563 0 
99178634 545 0 
102665175 386 0 
105817921 111 0 
107114284 512 0 
108068747 56 0 
110844098 108 0 
113983007 225 0 
114633287 61 0 
119698965 73 0 
121188905 564 0 
123195509 77 0 
123299163 155 0 
123856185 82 0 
124016650 890 0 
124089378 123 0 
124970791 82 0 
130648498 629 0 
134481664 512 0 
137794080 602 0 
140419842 178 0 
141446809 529 0 
141515913 56 0 
141593819 561 0 
142939423 109 0 
146687987 500 0 
147452074 575 0 
149639227 620 0 
149729020 596 0 
153281594 549 0 
153494741 138 0 
156114763 128 0 
158609122 276 0 
159360102 516 0 
161130152 262 0 
167512000 587 0 
172048520 128 0 
173995104 587 0 
174276950 212 0 
176045084 77 0 
178070270 587 0 
181498714 512 0 
182085958 112 0 
182264013 825 0 
182631159 420 0 
184055100 565 0 
186871130 161 0 
188395432 75 0 
188553875 497 0 
188997537 541 0 
193333176 277 0 
194821854 36 0 
194875066 513 0 
195459151 407 0 
198881618 568 0 
199719951 327 0 
200974288 541 0 
201243969 211 0 
201678359 577 0 
201705024 522 0 
202148767 598 0 
202582669 619 0 
205225503 508 0 
205776484 591 0 
206990872 148 0 
207738100 542 0 
208224563 535 0 
209884866 136 0 
211051920 119 0 
211152883 136 0 
211793118 376 0 
212525361 380 0 
215249784 540 0 
215510458 315 0 
216396707 55 0 
218450422 530 0 
221871330 613 0 
222514757 540 0 
223038146 139 0 
223328410 522 0 
223397388 543 0 
224667357 628 0 
225173817 226 0 
225628002 381 0 
225921431 557 0 
228632768 189 0 
228758858 172 0 
229189752 295 0 
229397749 578 0 
229480667 143 0 
229740967 142 0 
229901270 606 0 
230143534 81 0 
231077786 591 0 
231908335 52 0 
232141292 552 0 
232657273 224 0 
234674320 173 0 
237801348 369 0 
239520978 428 0 
243753772 293 0 
246745357 549 0 
247524297 482 0 
247893890 470 0 
249347169 505 0 
254220345 178 0 
254258786 524 0 
254325044 527 0 
254546320 445 0 
254651977 523 0 
254813931 469 0 
255023772 322 0 
255991099 118 0 
256495857 360 0 
257373876 368 0 
257798618 283 0 
261866726 602 0 
261954825 646 0 
263829650 617 0 
265319250 466 0 
267691766 169 0 
270240472 198 0 
270709429 516 0 
271267731 421 0 
272066436 381 0 
272628305 106 0 
273911271 596 0 
274127302 567 0 
274773251 182 0 
275571055 130 0 
277274069 543 0 
277384736 533 0 
278040478 581 0 
278703668 528 0 
279000211 513 0 
280108562 607 0 
283130742 599 0 
283500753 357 0 
285543613 796 0 
285638413 565 0 
285806195 316 0 
286387945 444 0 
287313627 528 0 
290198560 225 0 
291367048 584 0 
291409685 362 0 
292141786 522 0 
293138232 374 0 
293645938 390 0 
296027088 129 0 
300330373 167 0 
300592620 52 0 
300624293 127 0 
300772990 591 0 
301662527 135 0 
302314389 566 0 
304009136 561 0 
305133409 116 0 
307701759 512 0 
308503492 547 0 
310065832 369 0 
311800769 508 0 
312069905 396 0 
312084713 528 0 
313520445 455 0 
320576034 96 0 
321545712 498 0 
324012843 93 0 
325740107 381 0 
326119570 447 0 
330159435 480 0 
330191622 303 0 
330256628 567 0 
333144077 224 0 
335173044 218 0 
335254105 288 0 
338507869 172 0 
339794886 414 0 
344525795 101 0 
346737118 476 0 
349091834 521 0 
349189797 132 0 
350780402 78 0 
352312396 179 0 
352409577 547 0 
352838127 226 0 
353118007 561 0 
354286453 102 0 
355426166 580 0 
357778601 413 0 
358180207 289 0 
359583932 513 0 
360712199 562 0 
360781301 583 0 
361222782 547 0 
363450069 384 0 
363797235 592 0 
368193950 383 0 
373651601 474 0 
380349971 528 0 
383269318 510 0 
384874658 219 0 
390898059 117 0 
391122585 547 0 
391512967 285 0 
391690503 59 0 
393596584 559 0 
394129621 191 0 
395158333 163 0 
398491220 279 0 
401997459 587 0 
402065693 118 0 
402270783 574 0 
402903898 590 0 
403916050 212 0 
405984154 527 0 
406867476 498 0 
407125250 592 0 
408250373 55 0 
408583634 596 0 
411980585 461 0 
413666359 352 0 
416810900 159 0 
419143738 368 0 
421996582 583 0 
423502833 552 0 
423865954 277 0 
424464266 477 0 
427308272 248 0 
427755370 328 0 
431989235 264 0 
432400073 566 0 
432744793 189 0 
433255859 385 0 
433697440 544 0 
436440570 554 0 
438383739 74 0 
444344835 220 0 
444406123 561 0 
444835860 545 0 
448456834 553 0 
452879882 297 0 
453186559 525 0 
455380487 255 0 
456900261 536 0 
460841597 465 0 
462165831 539 0 
462511597 550 0 
463846696 257 0 
464525832 505 0 
464709922 215 0 
465008025 566 0 
467871320 551 0 
468876466 547 0 
473486364 494 0 
474288317 479 0 
475626420 547 0 
476290961 604 0 
476531625 552 0 
480171383 366 0 
481196285 63 0 
482545827 266 0 
482894741 592 0 
484937482 62 0 
486790782 222 0 
487156057 200 0 
490486665 520 0 
490507033 333 0 
491218218 524 0 
491495723 104 0 
491912807 479 0 
492030618 405 0 
495744714 93 0 
498956594 134 0 
499825896 177 0 
500142604 343 0 
500399117 136 0 
500693621 617 0 
503382616 103 0 
508351823 240 0 
508978325 205 0 
510830366 228 0 
511171871 497 0 
511190618 132 0 
511218677 128 0 
512378369 582 0 
512581935 526 0 
514389723 392 0 
514538091 340 0 
514636757 254 0 
514850200 148 0 
515176401 129 0 
516243681 167 0 
516705407 94 0 
517642932 244 0 
518913100 556 0 
518932041 377 0 
520280579 582 0 
521466127 137 0 
521638036 386 0 
521700787 395 0 
526309317 488 0 
530786884 583 0 
531736258 360 0 
535281649 184 0 
537885072 538 0 
540171532 587 0 
540884547 388 0 
542061026 600 0 
542448085 349 0 
544440039 114 0 
546885999 248 0 
547253727 478 0 
547777570 566 0 
547866713 550 0 
549419661 198 0 
550286338 190 0 
550909707 202 0 
550954493 419 0 
553798555 114 0 
553827205 424 0 
560271759 329 0 
568228310 464 0 
569122515 69 0 
569558029 231 0 
569989141 541 0 
570433111 177 0 
572379511 384 0 
572982125 481 0 
574974006 540 0 
576002126 289 0 
577615324 495 0 
578206184 603 0 
578615748 502 0 
579504757 560 0 
580253537 565 0 
580854954 567 0 
581201084 316 0 
582987895 512 0 
583153215 158 0 
587924296 575 0 
588018146 60 0 
588023550 590 0 
588944198 320 0 
589509532 586 0 
592209419 513 0 
592736567 555 0 
593012447 538 0 
595726713 122 0 
601193472 108 0 
601634563 216 0 
603318524 253 0 
604722520 348 0 
604800729 240 0 
605320359 259 0 
606290266 268 0 
606464427 334 0 
607927742 599 0 
608512113 232 0 
611049591 128 0 
612619305 254 0 
612723259 557 0 
613374926 93 0 
613740039 63 0 
615271629 364 0 
616334053 251 0 
617332459 418 0 
618145298 173 0 
618541184 60 0 
623285526 507 0 
628190167 100 0 
629120622 468 0 
630119444 131 0 
630590226 154 0 
632192556 596 0 
633140319 252 0 
633327993 213 0 
633444907 535 0 
638074916 204 0 
638630965 94 0 
640946927 331 0 
643010873 535 0 
646389339 521 0 
646990623 155 0 
649969858 532 0 
650072500 265 0 
652668976 555 0 
653069130 115 0 
653971658 501 0 
654711181 500 0 
657604953 300 0 
658920872 554 0 
659553904 254 0 
661511297 187 0 
662736383 246 0 
663010702 197 0 
665874935 546 0 
668555298 59 0 
674518261 362 0 
675629438 235 0 
677676006 476 0 
678774789 411 0 
682823794 274 0 
684859227 272 0 
686655174 344 0 
692630426 520 0 
693778318 391 0 
694419480 524 0 
694509735 537 0 
699105436 551 0 
701418407 302 0 
702237454 519 0 
702682493 565 0 
703107617 199 0 
703425782 621 0 
704298139 130 0 
704729961 558 0 
709422880 294 0 
719049968 553 0 
721835844 340 0 
721945441 530 0 
722651009 545 0 
724090308 593 0 
724760510 480 0 
726609258 132 0 
727324634 517 0 
727546261 526 0 
731161131 571 0 
731857101 596 0 
734181907 621 0 
740084878 483 0 
740299708 210 0 
740900194 146 0 
743581196 540 0 
747388822 543 0 
748109946 286 0 
750836785 432 0 
751450499 136 0 
754934421 505 0 
757626119 571 0 
758881097 259 0 
759171250 580 0 
762438535 405 0 
763204437 163 0 
763499419 563 0 
764192441 546 0 
764926690 584 0 
766903290 582 0 
769604307 641 0 
769763729 528 0 
771397052 447 0 
775638179 586 0 
776830027 518 0 
777304918 164 0 
779247277 550 0 
780325735 253 0 
780424680 191 0 
782383277 550 0 
785287516 578 0 
786853717 516 0 
792262349 607 0 
793718114 584 0 
793906469 561 0 
794646947 547 0 
794870990 251 0 
795154644 571 0 
795415524 471 0 
797231477 572 0 
800554552 572 0 
800654061 501 0 
802668196 501 0 
802966880 286 0 
803593656 162 0 
803605255 80 0 
804348854 531 0 
804745249 261 0 
805966848 42 0 
809235302 554 0 
812191575 541 0 
815000053 589 0 
815118466 233 0 
815287445 101 0 
815791481 136 0 
816341593 235 0 
816686783 183 0 
816798094 160 0 
817074195 498 0 
817802556 306 0 
817908752 242 0 
818432269 563 0 
820337343 81 0 
820636176 574 0 
822241512 568 0 
822727946 501 0 
823636555 496 0 
823875425 157 0 
826025936 95 0 
827288152 560 0 
828040417 556 0 
828328022 551 0 
829660146 606 0 
830917671 320 0 
832936935 383 0 
833103764 377 0 
833508418 69 0 
833616451 524 0 
833978239 531 0 
834855794 370 0 
836282156 185 0 
836983606 229 0 
840027269 588 0 
841071091 161 0 
843941915 611 0 
843982788 550 0 
844667212 320 0 
845222666 342 0 
847130065 85 0 
847185982 510 0 
849862604 508 0 
850890236 220 0 
851805085 545 0 
851902325 316 0 
851988624 457 0 
853511485 271 0 
857026430 577 0 
857099643 337 0 
857451164 206 0 
858569086 577 0 
862586898 442 0 
863195082 344 0 
863465664 564 0 
864591581 543 0 
869904719 605 0 
871108134 281 0 
871496635 552 0 
872479957 426 0 
873037117 362 0 
875939898 592 0 
877020997 591 0 
877436991 555 0 
883448897 267 0 
884795900 526 0 
884954785 164 0 
885316514 101 0 
886204593 556 0 
886573540 380 0 
887634397 566 0 
888164477 197 0 
888972607 173 0 
889511181 252 0 
890201888 364 0 
890717262 552 0 
892402348 131 0 
892453617 201 0 
894024205 491 0 
894486423 576 0 
895199839 562 0 
895501197 240 0 
899812405 558 0 
900382099 534 0 
900448302 298 0 
904588913 554 0 
907290245 169 0 
907954946 474 0 
909950979 630 0 
911047510 366 0 
912653634 543 0 
913139072 635 0 
914585461 213 0 
915885436 496 0 
915972288 571 0 
916560715 440 0 
919024601 550 0 
919835520 229 0 
920405199 486 0 
921157055 556 0 
921347317 158 0 
921715135 569 0 
925637920 140 0 
925673790 550 0 
927060739 77 0 
927726526 159 0 
927736661 134 0 
927933781 472 0 
928325299 75 0 
928999861 76 0 
929225707 376 0 
929985406 531 0 
932352815 351 0 
934068563 621 0 
934200569 563 0 
934733172 146 0 
935373615 325 0 
935910220 243 0 
939495715 67 0 
940918956 70 0 
946004213 608 0 
946098728 338 0 
949031684 553 0 
950157471 511 0 
950842363 597 0 
951832978 248 0 
951907951 54 0 
953462383 501 0 
954135142 554 0 
954827487 62 0 
956230618 205 0 
957749424 189 0 
957924869 60 0 
958759220 150 0 
960917298 569 0 
960932797 541 0 
962084257 253 0 
963012873 474 0 
969667081 569 0 
969933052 560 0 
971934757 212 0 
974171307 484 0 
974544810 376 0 
974676700 537 0 
976266169 147 0 
976597475 121 0 
978016303 597 0 
979401441 613 0 
980212218 71 0 
980413900 107 0 
980581606 529 0 
980953188 516 0 
986318273 588 0 
992691578 582 0 
997288773 226 0 
1001826041 493 0 
1002549672 472 0 
1002900854 583 0 
1005501384 215 0 
1009338602 586 0 
1013385644 106 0 
1013630136 540 0 
1015053603 558 0 
1015708069 253 0 
1016856430 575 0 
1017614475 337 0 
1019934676 571 0 
1020128004 243 0 
1020425856 520 0 
1023834721 677 0 
1024077751 584 0 
1024600137 589 0 
1025272345 531 0 
1026699364 373 0 
1029061247 596 0 
1030148526 581 0 
1031235752 486 0 
1032284967 376 0 
1036340729 490 0 
1037803068 562 0 
1037915053 79 0 
1038731016 519 0 
1040293917 353 0 
1040818636 153 0 
1041972445 535 0 
1042304519 603 0 
1042486934 547 0 
1044065814 564 0 
1044563203 422 0 
1045349552 573 0 
1046393704 391 0 
1046732316 526 0 
1048669001 574 0 
1049562627 536 0 
1050887826 344 0 
1052123625 448 0 
1052405912 309 0 
1053633557 374 0 
1053870123 496 0 
1057512449 560 0 
1058483589 314 0 
1061143383 150 0 
1061160983 177 0 
1064224291 179 0 
1064896154 514 0 
1066213458 548 0 
1074712012 541 0 
1076834991 366 0 
1077644647 534 0 
1077941685 228 0 
1078112995 126 0 
1078507517 520 0 
1079070865 202 0 
1079255918 256 0 
1079297582 565 0 
1080488437 217 0 
1081707141 430 0 
1081792622 540 0 
1082270051 122 0 
1083438012 554 0 
1085508306 191 0 
1086445286 603 0 
1088609235 175 0 
1089437907 553 0 
1089442865 673 0 
1090138729 124 0 
1090619977 813 0 
1090644000 578 0 
1091298919 226 0 
1091693210 320 0 
1094236549 447 0 
1096489553 298 0 
1097630113 529 0 
1099010335 95 0 
1099448966 344 0 
1101633651 571 0 
1102214740 581 0 
1107383167 81 0 
1110979936 599 0 
1111893871 568 0 
1113303558 250 0 
1115599652 503 0 
1118980311 86 0 
1120095298 209 0 
1124335047 533 0 
1124659781 561 0 
1127188293 358 0 
1127334496 179 0 
1128385080 546 0 
1129713242 582 0 
1129905167 402 0 
1130609198 244 0 
1131228198 319 0 
1131449248 252 0 
1131897112 388 0 
1132608635 348 0 
1133817562 119 0 
1135605625 554 0 
1138240065 272 0 
1138482025 445 0 
1140455575 602 0 
1143793193 556 0 
1144433861 217 0 
1144674996 586 0 
1147898438 261 0 
1147937542 551 0 
1148939000 621 0 
1149829266 559 0 
1153507514 611 0 
1155460812 479 0 
1155605305 159 0 
1156264382 575 0 
1158645828 66 0 
1160811531 589 0 
1163450367 472 0 
1163628292 602 0 
1168650862 178 0 
1173223308 493 0 
1175068023 581 0 
1175150560 598 0 
1177563776 512 0 
1178980169 552 0 
1179789265 567 0 
1180452104 333 0 
1181357841 424 0 
1181430348 324 0 
1181851165 303 0 
1182363299 537 0 
1182374381 576 0 
1182878581 565 0 
1183177526 372 0 
1184128747 564 0 
1184167390 283 0 
1184422865 366 0 
1186385363 141 0 
1188519169 308 0 
1189549585 529 0 
1189633232 493 0 
1189964638 90 0 
1191442694 623 0 
1193210994 573 0 
1195781046 514 0 
1199006500 168 0 
1201158256 231 0 
1201175158 490 0 
1206027253 564 0 
1209119770 276 0 
1210688427 607 0 
1212165104 126 0 
1214399442 575 0 
1214906305 292 0 
1216092458 267 0 
1216876691 116 0 
1217180122 579 0 
1218338593 322 0 
1219017758 312 0 
1220608697 556 0 
1220910714 549 0 
1223382572 536 0 
1230035662 571 0 
1231328673 251 0 
1232894372 528 0 
1233457102 165 0 
1234480241 48 0 
1234517904 354 0 
1236403879 551 0 
1237376319 383 0 
1237698662 554 0 
1241881111 624 0 
1244149212 567 0 
1244661996 294 0 
1245369426 579 0 
1248623185 468 0 
1249882937 600 0 
1251156510 579 0 
1253226395 236 0 
1253735043 547 0 
1254668535 298 0 
1255902915 285 0 
1256058849 80 0 
1256785113 578 0 
1261094738 279 0 
1261306084 595 0 
1268959705 559 0 
1269039913 318 0 
1269825164 561 0 
1274030086 78 0 
1274620639 352 0 
1274794921 163 0 
1277440091 604 0 
1278070535 586 0 
1288760798 616 0 
1292147311 572 0 
1292178604 97 0 
1292597935 349 0 
1294173359 498 0 
1294589864 499 0 
1296961490 64 0 
1298907924 514 0 
1299575630 414 0 
1300724964 594 0 
1301750918 582 0 
1301898023 69 0 
1302686008 171 0 
1304145398 585 0 
1304746932 266 0 
1306111213 505 0 
1307725481 173 0 
1307777873 182 0 
1307933118 497 0 
1308645546 355 0 
1309630379 84 0 
1310102951 133 0 
1312377554 486 0 
1315304554 586 0 
1316204828 573 0 
1318501629 58 0 
1318997522 358 0 
1321254256 569 0 
1322704818 510 0 
1324324995 151 0 
1324788479 564 0 
1325492038 524 0 
1326969269 117 0 
1329073856 574 0 
1329384961 335 0 
1329655837 66 0 
1329814863 192 0 
1332316177 395 0 
1334324497 404 0 
1334547756 84 0 
1334863271 610 0 
1335848198 531 0 
1336848250 366 0 
1338077428 189 0 
1341351538 569 0 
1344485530 578 0 
1344952761 511 0 
1345173566 168 0 
1346749511 176 0 
1347871587 83 0 
1347939356 530 0 
1351772333 587 0 
1352101392 507 0 
1354377064 147 0 
1356252054 563 0 
1360148474 238 0 
1361909379 577 0 
1363889330 581 0 
1364259774 147 0 
1365097984 499 0 
1368698933 408 0 
1373453848 530 0 
1374871473 536 0 
1375638261 563 0 
1376559877 605 0 
1377061609 97 0 
1379637359 639 0 
1380256225 553 0 
1380297653 482 0 
1380440416 495 0 
1381589345 522 0 
1382272567 420 0 
1382333451 533 0 
1385865540 479 0 
1386019241 512 0 
1386814631 529 0 
1386930620 588 0 
1387713997 483 0 
1388780461 593 0 
1389460849 595 0 
1390313252 248 0 
1390661968 521 0 
1391185431 627 0 
1391659962 504 0 
1392843189 302 0 
1393834644 543 0 
1394313297 521 0 
1394969856 592 0 
1395436518 498 0 
1396157974 495 0 
1396327964 522 0 
1400780454 496 0 
1404491924 137 0 
1404828567 509 0 
1405766778 268 0 
1409462911 498 0 
1409692513 599 0 
1413172266 541 0 
1413200536 521 0 
1414618701 316 0 
1415383480 489 0 
1416180542 224 0 
1416314535 208 0 
1417516196 316 0 
1419631923 569 0 
1421489980 261 0 
1422207045 567 0 
1424847928 188 0 
1424872794 525 0 
1428431632 487 0 
1430062882 564 0 
1430405964 583 0 
1433240730 122 0 
1434215981 587 0 
1439491855 130 0 
1443865489 541 0 
1444790566 478 0 
1444925813 157 0 
1449726044 273 0 
