HEADER0:1281
HEADER1:1792
HEADER2:513
HEADER3:770
HEADER4:32772
1154077 81 0 
1354488 301 0 
1850645 756 0 
4147249 336 0 
4832319 380 0 
6193662 74 0 
8085586 890 0 
8679186 68 0 
9147372 121 0 
10618787 301 0 
12333952 77 0 
14575046 70 0 
14803024 246 0 
17155412 58 0 
19301236 166 0 
19384712 73 0 
22319336 78 0 
23896885 396 0 
24858482 78 0 
25642210 98 0 
26447094 394 0 
27804084 79 0 
30237670 77 0 
33092036 246 0 
33593262 1176 0 
34323043 462 0 
35450773 1027 0 
36480605 293 0 
37332276 386 0 
37984906 162 0 
38714221 782 0 
40289189 119 0 
41589731 225 0 
42674903 740 0 
44417945 99 0 
44893262 1365 0 
45500242 146 0 
50486475 127 0 
50761764 69 0 
51169647 136 0 
51662519 78 0 
51899286 380 0 
54566291 616 0 
54848710 219 0 
57498478 991 0 
57665045 1186 0 
57843548 283 0 
65158057 127 0 
66799184 43 0 
67311885 85 0 
68025205 59 0 
69909970 143 0 
70706182 491 0 
72372444 168 0 
73785295 499 0 
73909189 486 0 
74381218 69 0 
74969332 80 0 
76189437 719 0 
77114797 39 0 
80530391 487 0 
80925768 1126 0 
81704079 117 0 
85164474 698 0 
87618232 1452 0 
91989070 323 0 
93811617 51 0 
96807314 155 0 
99178851 297 0 
102665103 915 0 
105818119 1097 0 
107114214 465 0 
108068537 399 0 
109178238 83 0 
110844150 73 0 
113983111 313 0 
114633377 632 0 
116697180 103 0 
119698921 88 0 
121189062 286 0 
123195466 506 0 
123299174 306 0 
123856387 204 0 
124016459 496 0 
124089429 297 0 
124970656 67 0 
130648677 1048 0 
134481582 285 0 
137794234 503 0 
140419953 91 0 
141446709 503 0 
141515842 1104 0 
141593860 70 0 
142939674 163 0 
146687894 137 0 
147452085 1130 0 
149639244 318 0 
149729232 486 0 
153281796 89 0 
153494775 1000 0 
156114972 181 0 
158609123 65 0 
159360249 299 0 
161130139 88 0 
167512094 139 0 
172048364 1363 0 
173995120 1710 0 
174276874 494 0 
176045155 243 0 
178070448 498 0 
181498944 262 0 
182086168 149 0 
182264161 57 0 
182631300 357 0 
184055034 200 0 
186871341 296 0 
188395218 465 0 
188554051 295 0 
188997595 482 0 
193333182 183 0 
194821863 227 0 
194875005 57 0 
195458908 496 0 
198881873 446 0 
199719699 97 0 
200974179 67 0 
201243978 197 0 
201678244 98 0 
201704920 131 0 
202148928 231 0 
202582455 116 0 
203970172 -1 0 
205225262 236 0 
205776687 1104 0 
206990839 899 0 
207738153 61 0 
208224743 71 0 
209884665 58 0 
211051791 1077 0 
211152672 518 0 
211793184 509 0 
212525451 302 0 
215249626 220 0 
215510464 132 0 
216396872 133 0 
218450634 282 0 
221871524 72 0 
222514590 240 0 
223038035 289 0 
223328290 67 0 
223397578 891 0 
224667456 63 0 
225173580 1393 0 
225628231 49 0 
225921398 190 0 
228632966 959 0 
228758889 346 0 
229189642 881 0 
229397690 505 0 
229480570 329 0 
229740946 54 0 
229901203 312 0 
230143780 1072 0 
231077538 241 0 
231908314 124 0 
232141451 133 0 
232657064 160 0 
234674452 76 0 
237801095 938 0 
239521056 510 0 
243753618 59 0 
246745395 453 0 
247893661 95 0 
249346936 284 0 
254220446 261 0 
254258905 194 0 
254325276 127 0 
254546461 129 0 
254651779 159 0 
254814076 75 0 
255023767 583 0 
255991026 197 0 
256495880 74 0 
257374042 615 0 
257798614 117 0 
260907322 -1 0 
261866596 190 0 
261954795 175 0 
263829664 299 0 
265319145 56 0 
267691667 288 0 
270240623 87 0 
270709201 296 0 
271267947 284 0 
272066305 490 0 
272628353 82 0 
273911405 261 0 
274127091 140 0 
274773454 79 0 
275571099 81 0 
277274014 48 0 
277384584 247 0 
278040663 138 0 
278703914 1438 0 
278999976 1368 0 
280108331 217 0 
283130540 629 0 
283500939 113 0 
285543747 203 0 
285638271 174 0 
285806269 72 0 
286387748 35 0 
287313655 478 0 
290198570 270 0 
291367131 1200 0 
291409685 188 0 
292142014 85 0 
293137979 656 0 
293646021 79 0 
296026977 208 0 
300330286 233 0 
300592389 243 0 
300624173 117 0 
300772936 1033 0 
301662272 499 0 
302314508 68 0 
304009273 311 0 
305133247 244 0 
307701699 191 0 
308503388 279 0 
310065668 240 0 
311800947 72 0 
312069982 386 0 
312084881 294 0 
313520562 66 0 
320575947 291 0 
321545934 71 0 
324012960 82 0 
325740115 69 0 
326119457 253 0 
330159544 199 0 
330191760 276 0 
330256504 244 0 
333144275 145 0 
335172867 178 0 
335254157 240 0 
338508111 142 0 
339795010 307 0 
344525596 146 0 
346736873 149 0 
349091905 66 0 
349190003 67 0 
350780526 57 0 
352312164 55 0 
352409736 172 0 
352838292 860 0 
353118047 313 0 
354286399 138 0 
355426259 1027 0 
357778683 68 0 
358180130 490 0 
359583949 149 0 
360712057 292 0 
360781460 510 0 
361222913 833 0 
363450205 133 0 
363797218 119 0 
368194197 43 0 
373651504 52 0 
380350164 179 0 
383269524 114 0 
384874576 212 0 
390898097 184 0 
391122679 187 0 
391512942 42 0 
391690655 80 0 
393596358 486 0 
394129693 290 0 
395158165 275 0 
398491295 163 0 
401997293 321 0 
402065521 171 0 
402271000 66 0 
402904124 253 0 
403916179 287 0 
405983982 498 0 
406867324 331 0 
407125206 1374 0 
408250556 73 0 
411980607 769 0 
413666335 104 0 
416810695 79 0 
419143812 65 0 
421996391 190 0 
423502790 39 0 
423865963 146 0 
424464379 185 0 
427308141 70 0 
427755495 65 0 
431989187 497 0 
432399850 883 0 
432744989 294 0 
433256011 242 0 
433697197 607 0 
436440328 250 0 
438383669 244 0 
444344788 71 0 
444406335 205 0 
444835670 468 0 
448456672 253 0 
452879938 68 0 
453186710 237 0 
455380377 281 0 
456900420 288 0 
460841430 289 0 
462165919 187 0 
462511683 145 0 
463846845 227 0 
464525913 445 0 
464710143 127 0 
465008247 513 0 
467871437 268 0 
468876625 149 0 
473486399 300 0 
474288329 368 0 
475626373 158 0 
476290883 80 0 
476531605 76 0 
480171347 136 0 
482545806 204 0 
482894608 136 0 
484937552 72 0 
486790903 169 0 
487156179 206 0 
490486448 245 0 
490507183 101 0 
491218001 117 0 
491495729 151 0 
491912931 333 0 
492030711 486 0 
495744693 789 0 
498956663 91 0 
499825954 201 0 
500142584 45 0 
500399290 487 0 
500693563 122 0 
503382420 70 0 
508351661 71 0 
508978102 154 0 
510830317 667 0 
511172017 188 0 
511190484 286 0 
511218571 279 0 
512378252 144 0 
512581928 223 0 
514389839 152 0 
514537859 111 0 
514636917 109 0 
514849950 182 0 
515176297 1079 0 
516243735 130 0 
516705251 215 0 
517643037 290 0 
518913098 553 0 
518932173 71 0 
520280828 63 0 
521466297 464 0 
521637915 72 0 
521700581 198 0 
526309080 283 0 
530787079 294 0 
531736420 237 0 
535281551 1426 0 
537885239 96 0 
540171392 301 0 
540884460 252 0 
542060936 85 0 
542447861 154 0 
544439981 52 0 
546886006 302 0 
547253638 285 0 
547777502 282 0 
547866537 289 0 
549419647 84 0 
550286349 742 0 
550909759 280 0 
550954294 324 0 
553798760 1569 0 
553827349 80 0 
560271909 158 0 
568228397 821 0 
569122633 498 0 
569557983 266 0 
569989065 120 0 
570433338 1119 0 
572379523 60 0 
572982047 45 0 
574973794 207 0 
576002326 84 0 
577615573 305 0 
578206098 237 0 
578615869 1395 0 
579504771 81 0 
580253763 128 0 
580854751 1380 0 
581201211 102 0 
582987987 1213 0 
583153011 289 0 
587924480 159 0 
588018321 1245 0 
588944173 487 0 
589509744 292 0 
592209374 507 0 
592736672 72 0 
593012529 73 0 
595726904 491 0 
601193420 871 0 
601634645 475 0 
603318537 107 0 
604722553 68 0 
604800778 508 0 
605320378 146 0 
606290476 252 0 
606464576 240 0 
607927933 761 0 
608512095 436 0 
611049581 159 0 
612619311 64 0 
612723451 899 0 
613374718 60 0 
613740269 501 0 
615271824 130 0 
616334079 54 0 
617332714 70 0 
618145306 237 0 
618541113 161 0 
623285402 678 0 
628189988 184 0 
629120436 286 0 
630119460 784 0 
630590331 72 0 
632192588 279 0 
633140139 53 0 
633327945 70 0 
638074749 54 0 
638631129 75 0 
640947144 82 0 
643011044 292 0 
646389126 226 0 
646990544 423 0 
649969923 250 0 
650072516 281 0 
652669017 1383 0 
653069017 246 0 
653971759 72 0 
654711149 292 0 
657605139 626 0 
658920811 305 0 
659553898 122 0 
662736182 400 0 
663010474 259 0 
664387256 891 0 
665875065 152 0 
668555221 78 0 
674518397 1191 0 
675629286 133 0 
676239977 -1 0 
677676182 127 0 
678774585 237 0 
682823781 225 0 
684859362 74 0 
692630456 472 0 
693778387 277 0 
694419502 490 0 
694509897 287 0 
699105278 69 0 
700924050 106 0 
701418427 1029 0 
702237401 1693 0 
702682469 70 0 
703107772 466 0 
703376246 -1 0 
703425611 112 1 
704298194 275 0 
704729974 302 0 
709422877 259 0 
719049860 148 0 
721835893 234 0 
721945621 199 0 
722650912 424 0 
724090561 223 0 
724760575 92 0 
726609386 491 0 
727324712 211 0 
727546492 198 0 
731161192 215 0 
731856963 66 0 
734181880 146 0 
740084650 66 0 
740299839 107 0 
740900052 860 0 
743581018 536 0 
747388973 284 0 
748109888 270 0 
750836904 234 0 
751450754 181 0 
754934288 246 0 
757625885 498 0 
758880853 286 0 
759171221 700 0 
762438742 288 0 
763204631 153 0 
763499252 745 0 
764192400 503 0 
764926938 293 0 
766903208 189 0 
769604498 321 0 
769763647 432 0 
771396984 656 0 
775638232 200 0 
776829827 307 0 
777305040 62 0 
779247045 566 0 
780325889 592 0 
780424580 197 0 
782383242 196 0 
785287366 81 0 
786853917 62 0 
792262604 149 0 
793717896 121 0 
793906476 48 0 
794647008 193 0 
794870970 198 0 
795154398 1395 0 
795415480 78 0 
797231451 203 0 
800554598 132 0 
800654099 120 0 
802668123 64 0 
802966769 240 0 
803593739 251 0 
803605158 332 0 
804348837 248 0 
804745275 554 0 
805966660 207 0 
809235444 706 0 
812191572 56 0 
814999897 666 0 
815118612 63 0 
815287261 70 0 
815791627 136 0 
816341520 210 0 
816686828 86 0 
816798320 82 0 
817074048 105 0 
817802705 242 0 
817908828 383 0 
818432235 168 0 
820337448 1234 0 
820635983 69 0 
822241398 130 0 
822727946 105 0 
823636342 1102 0 
823875315 508 0 
826025966 294 0 
827288315 490 0 
828040314 78 0 
828328082 194 0 
829659953 81 0 
830917882 247 0 
832936936 36 0 
833103569 126 0 
833508225 58 0 
833616418 945 0 
833978082 139 0 
834855962 274 0 
836281904 135 0 
836983788 112 0 
840027314 340 0 
841070929 83 0 
843942113 244 0 
843982558 63 0 
844667218 312 0 
845222647 179 0 
847129967 435 0 
847186094 248 0 
849862372 205 0 
850890194 59 0 
851805246 133 0 
851902332 293 0 
851988582 123 0 
853511395 159 0 
857026275 52 0 
857099501 166 0 
857451004 76 0 
858569285 64 0 
862586760 75 0 
863195314 290 0 
864591332 240 0 
869904956 67 0 
871108171 160 0 
871496442 139 0 
872480157 125 0 
873037149 260 0 
875940015 100 0 
877021115 193 0 
877436889 438 0 
883448863 66 0 
884795716 914 0 
884954821 243 0 
885316583 228 0 
886204698 408 0 
886573461 244 0 
887634627 727 0 
888164533 85 0 
888972657 1414 0 
889511270 482 0 
890202108 499 0 
890717514 295 0 
892402176 853 0 
892453455 81 0 
894024088 175 0 
894486301 259 0 
895199670 52 0 
895500952 373 0 
899812299 528 0 
900382197 234 0 
900448495 65 0 
904589157 1111 0 
907290344 646 0 
907954729 516 0 
909951021 64 0 
911047466 301 0 
912653655 305 0 
913139116 118 0 
914585350 225 0 
915885605 308 0 
915972508 115 0 
916560584 431 0 
919024849 431 0 
919835447 132 0 
920405017 516 0 
921156923 161 0 
921347068 219 0 
921715087 244 0 
925637777 139 0 
925673705 459 0 
927060798 157 0 
927726356 307 0 
927736696 79 0 
927933808 66 0 
928325122 73 0 
928999925 71 0 
929225658 1210 0 
929985511 211 0 
932352696 98 0 
934068419 468 0 
934200426 287 0 
934733127 73 0 
935373649 72 0 
935910327 148 0 
939495530 257 0 
940919054 75 0 
946004005 281 0 
946098796 374 0 
949031693 200 0 
950157398 1274 0 
950842579 267 0 
951832968 151 0 
951907828 850 0 
953462269 162 0 
954135395 62 0 
954827490 204 0 
956230627 215 0 
957749563 61 0 
957924768 283 0 
958759446 302 0 
960917327 50 0 
960932946 252 0 
962084261 271 0 
963012869 46 0 
969667297 512 0 
969933109 1134 0 
971934694 494 0 
974171073 291 0 
974544701 983 0 
974676615 296 0 
976266034 125 0 
976597555 117 0 
978016176 70 0 
978275854 -1 0 
979401579 130 0 
980212357 1121 0 
980413952 254 0 
980581744 88 0 
980953194 63 0 
986318378 247 0 
992691806 90 0 
997288860 354 0 
1001825939 142 0 
1002549764 282 0 
1002900756 292 0 
1005501457 78 0 
1009338430 1005 0 
1013385733 715 0 
1013630146 279 0 
1015053375 241 0 
1015708179 320 0 
1016856412 69 0 
1017614353 297 0 
1019934463 69 0 
1020128036 292 0 
1020426004 402 0 
1023834752 481 0 
1024077882 215 0 
1024600192 1101 0 
1025272131 165 0 
1026699410 698 0 
1029061422 249 0 
1030148773 110 0 
1032284989 151 0 
1036340599 256 0 
1037803053 246 0 
1037915186 60 0 
1038730786 505 0 
1040294093 289 0 
1040818399 284 0 
1042304753 1298 0 
1042486788 183 0 
1044065737 292 0 
1044563303 82 0 
1045349668 155 0 
1046393492 130 0 
1046732342 256 0 
1048668810 59 0 
1049562459 261 0 
1050887806 200 0 
1052123373 184 0 
1052405668 96 0 
1053633321 119 0 
1053870346 109 0 
1057512331 295 0 
1058483626 121 0 
1061143444 273 0 
1061161073 312 0 
1064224494 125 0 
1064895981 288 0 
1066213648 75 0 
1074711877 136 0 
1076835153 864 0 
1077644589 73 0 
1077941544 81 0 
1078113055 75 0 
1078507566 67 0 
1079070959 63 0 
1079255921 133 0 
1079297563 159 0 
1080488548 68 0 
1081707286 241 0 
1081792459 68 0 
1082270288 57 0 
1083438211 292 0 
1083884426 461 0 
1085508174 286 0 
1086445250 73 0 
1088609158 485 0 
1089438158 441 0 
1089442735 287 0 
1090138964 77 0 
1090619985 495 0 
1090643906 628 0 
1091299154 197 0 
1091693297 660 0 
1094236677 175 0 
1096489408 463 0 
1097629928 599 0 
1099010338 98 0 
1099448893 77 0 
1101633665 65 0 
1102214938 246 0 
1107383258 401 0 
1110979801 64 0 
1111893984 1079 0 
1113303306 73 0 
1115599831 284 0 
1118980319 187 0 
1120095499 305 0 
1124335109 503 0 
1124659712 63 0 
1127188285 249 0 
1127334749 383 0 
1128385219 476 0 
1129713355 144 0 
1129905204 489 0 
1130609224 95 0 
1131228326 105 0 
1131449218 343 0 
1131896859 134 0 
1132608514 129 0 
1133817652 78 0 
1135605744 1030 0 
1138240235 68 0 
1138482016 95 0 
1140455412 217 0 
1143793087 892 0 
1144433634 378 0 
1144674775 43 0 
1147898593 151 0 
1147937533 202 0 
1148938761 69 0 
1149829083 147 0 
1153507732 45 0 
1155460921 139 0 
1155605477 467 0 
1156264284 244 0 
1158646056 68 0 
1160811782 67 0 
1163450149 340 0 
1163628180 297 0 
1168651062 131 0 
1173223069 298 0 
1175067960 35 0 
1175150810 65 0 
1177563955 201 0 
1178980158 288 0 
1179789479 517 0 
1180452354 481 0 
1181357757 73 0 
1181430114 72 0 
1181851170 242 0 
1182363370 82 0 
1182374429 284 0 
1182878602 647 0 
1183177522 241 0 
1184128906 58 0 
1184167558 681 0 
1184422648 60 0 
1186385285 1105 0 
1188519184 1329 0 
1189549588 498 0 
1189633484 67 0 
1189964674 68 0 
1191442496 192 0 
1193482073 -1 0 
1195781286 52 0 
1199006726 76 0 
1201158342 385 0 
1201174971 68 0 
1206027400 353 0 
1209119800 70 0 
1210688205 346 0 
1212165196 481 0 
1214399632 79 0 
1214906103 77 0 
1216092653 407 0 
1216876883 124 0 
1217180210 481 0 
1218338700 73 0 
1219017766 146 0 
1220608711 647 0 
1220910510 476 0 
1223382603 246 0 
1230035807 43 0 
1231328898 90 0 
1232894377 70 0 
1233457042 188 0 
1234517700 373 0 
1236403955 558 0 
1237376364 293 0 
1237698737 141 0 
1241881145 68 0 
1244149272 234 0 
1244662216 160 0 
1245369397 263 0 
1248623063 681 0 
1249883119 201 0 
1251156498 484 0 
1253226217 52 0 
1253735221 395 0 
1254668537 68 0 
1255902895 119 0 
1256058664 132 0 
1256784925 296 0 
1261094746 292 0 
1261306100 288 0 
1268959592 83 0 
1269040157 762 0 
1269825353 216 0 
1274030101 260 0 
1274620633 109 0 
1274794927 146 0 
1277440272 219 0 
1278070500 622 0 
1288760954 70 0 
1292147500 186 0 
1292178717 490 0 
1292597802 74 0 
1294173513 126 0 
1294589819 156 0 
1296961698 84 0 
1298907715 30 0 
1299575845 107 0 
1300724988 113 0 
1301750799 303 0 
1301898085 69 0 
1302685814 323 0 
1304145515 1010 0 
1304746693 281 0 
1306111382 321 0 
1307725715 201 0 
1307778103 502 0 
1307933036 2327 0 
1308645589 30 0 
1309630519 100 0 
1310102954 143 0 
1312377717 380 0 
1315304789 48 0 
1316204952 510 0 
1318501554 199 0 
1318997268 102 0 
1321254155 91 0 
1322704806 433 0 
1324325129 890 0 
1324788567 322 0 
1325492075 68 0 
1326969148 65 0 
1329073822 292 0 
1329385075 112 0 
1329655856 49 0 
1329814963 65 0 
1332316430 911 0 
1334324423 291 0 
1334547717 65 0 
1334863137 867 0 
1335848135 95 0 
1336848437 532 0 
1338077212 642 0 
1341351756 1208 0 
1344485304 519 0 
1344952762 491 0 
1345173547 168 0 
1346749305 160 0 
1347871640 285 0 
1347939360 242 0 
1351772081 130 0 
1352101333 483 0 
1354376923 210 0 
1356252165 242 0 
1360148609 647 0 
1361909193 510 0 
1363741783 -1 0 
1364259556 74 0 
1365097756 101 0 
1368698941 131 0 
1373453672 254 0 
1374871309 68 0 
1375638431 111 0 
1376559625 511 0 
1377061762 309 0 
1379637522 1240 0 
1380256308 501 0 
1380297840 493 0 
1380440619 923 0 
1381589585 397 0 
1382272820 66 0 
1382333359 190 0 
1385865598 890 0 
1386019136 246 0 
1386814403 175 0 
1386930671 103 0 
1387713884 302 0 
1388780645 286 0 
1389460745 216 0 
1390313259 179 0 
1390661814 178 0 
1391185449 118 0 
1391659869 134 0 
1392843319 898 0 
1393834662 70 0 
1394313254 63 0 
1394969997 294 0 
1395436768 68 0 
1396158166 249 0 
1396328063 537 0 
1404491754 138 0 
1404828660 99 0 
1405766750 234 0 
1409462979 489 0 
1409692500 88 0 
1413172369 244 0 
1413200554 206 0 
1414618952 74 0 
1415383449 83 0 
1416180407 100 0 
1416314585 62 0 
1417516425 400 0 
1419631789 263 0 
1421490058 524 0 
1422207198 122 0 
1424848114 766 0 
1424872795 157 0 
1428431706 368 0 
1430062771 96 0 
1430406123 255 0 
1433240784 55 0 
1434216078 194 0 
1439491812 88 0 
1443865389 293 0 
1444790373 118 0 
1444926061 462 0 
1449725900 491 0 
1450679167 280 0 
1451228507 333 0 
1453769006 262 0 
1454545435 240 0 
