1.000E-03 1.565E+01 
1.200E-03 1.707E+01 
1.500E-03 1.899E+01 
2.000E-03 2.179E+01 
2.500E-03 2.425E+01 
2.567E-03 2.456E+01 
3.000E-03 2.648E+01 
3.934E-03 3.017E+01 
4.000E-03 3.041E+01 
5.000E-03 3.388E+01 
5.302E-03 3.485E+01 
6.000E-03 3.701E+01 
6.669E-03 3.895E+01 
7.000E-03 3.988E+01 
8.000E-03 4.256E+01 
8.036E-03 4.265E+01 
9.000E-03 4.507E+01 
9.403E-03 4.606E+01 
1.000E-02 4.745E+01 
1.077E-02 4.907E+01 
1.214E-02 5.162E+01 
1.250E-02 5.226E+01 
1.351E-02 5.401E+01 
1.487E-02 5.630E+01 
1.500E-02 5.650E+01 
1.624E-02 5.845E+01 
1.750E-02 6.033E+01 
1.761E-02 6.049E+01 
1.897E-02 6.243E+01 
2.000E-02 6.383E+01 
2.034E-02 6.428E+01 
2.171E-02 6.605E+01 
2.250E-02 6.705E+01 
2.308E-02 6.775E+01 
2.444E-02 6.938E+01 
2.500E-02 7.003E+01 
2.581E-02 7.095E+01 
2.718E-02 7.245E+01 
2.750E-02 7.280E+01 
2.854E-02 7.390E+01 
2.991E-02 7.530E+01 
3.000E-02 7.539E+01 
3.128E-02 7.665E+01 
3.265E-02 7.796E+01 
3.401E-02 7.922E+01 
3.500E-02 8.010E+01 
3.538E-02 8.043E+01 
3.675E-02 8.161E+01 
3.812E-02 8.275E+01 
3.948E-02 8.385E+01 
4.000E-02 8.426E+01 
4.085E-02 8.492E+01 
4.222E-02 8.596E+01 
4.358E-02 8.696E+01 
4.495E-02 8.793E+01 
4.500E-02 8.796E+01 
4.632E-02 8.887E+01 
4.769E-02 8.978E+01 
4.905E-02 9.066E+01 
5.000E-02 9.125E+01 
5.042E-02 9.151E+01 
5.179E-02 9.234E+01 
5.315E-02 9.314E+01 
5.452E-02 9.392E+01 
5.500E-02 9.419E+01 
5.589E-02 9.467E+01 
5.726E-02 9.540E+01 
5.862E-02 9.611E+01 
5.999E-02 9.680E+01 
6.000E-02 9.680E+01 
6.136E-02 9.746E+01 
6.273E-02 9.810E+01 
6.409E-02 9.872E+01 
6.500E-02 9.912E+01 
6.546E-02 9.932E+01 
6.683E-02 9.990E+01 
6.819E-02 1.005E+02 
6.956E-02 1.010E+02 
7.000E-02 1.012E+02 
7.093E-02 1.015E+02 
7.230E-02 1.020E+02 
7.366E-02 1.025E+02 
7.500E-02 1.030E+02 
7.503E-02 1.030E+02 
7.640E-02 1.035E+02 
7.776E-02 1.039E+02 
7.913E-02 1.043E+02 
8.000E-02 1.046E+02 
8.050E-02 1.047E+02 
8.187E-02 1.051E+02 
8.323E-02 1.055E+02 
8.460E-02 1.059E+02 
8.500E-02 1.060E+02 
8.597E-02 1.062E+02 
8.734E-02 1.066E+02 
8.870E-02 1.069E+02 
9.000E-02 1.072E+02 
9.007E-02 1.072E+02 
9.144E-02 1.075E+02 
9.280E-02 1.078E+02 
9.417E-02 1.081E+02 
9.500E-02 1.083E+02 
9.554E-02 1.084E+02 
9.691E-02 1.086E+02 
9.827E-02 1.089E+02 
9.964E-02 1.091E+02 
1.000E-01 1.092E+02 
1.010E-01 1.093E+02 
1.024E-01 1.095E+02 
1.037E-01 1.097E+02 
1.051E-01 1.099E+02 
1.065E-01 1.101E+02 
1.078E-01 1.103E+02 
1.092E-01 1.105E+02 
1.106E-01 1.106E+02 
1.119E-01 1.108E+02 
1.133E-01 1.109E+02 
1.147E-01 1.110E+02 
1.160E-01 1.112E+02 
1.174E-01 1.113E+02 
1.188E-01 1.114E+02 
1.201E-01 1.115E+02 
1.215E-01 1.116E+02 
1.229E-01 1.117E+02 
1.243E-01 1.117E+02 
1.250E-01 1.118E+02 
1.256E-01 1.118E+02 
1.270E-01 1.119E+02 
1.284E-01 1.119E+02 
1.297E-01 1.120E+02 
1.311E-01 1.121E+02 
1.325E-01 1.121E+02 
1.338E-01 1.121E+02 
1.352E-01 1.122E+02 
1.366E-01 1.122E+02 
1.379E-01 1.122E+02 
1.393E-01 1.122E+02 
1.407E-01 1.123E+02 
1.420E-01 1.123E+02 
1.434E-01 1.123E+02 
1.448E-01 1.123E+02 
1.461E-01 1.123E+02 
1.475E-01 1.123E+02 
1.489E-01 1.122E+02 
1.500E-01 1.122E+02 
1.502E-01 1.122E+02 
1.516E-01 1.122E+02 
1.530E-01 1.122E+02 
1.543E-01 1.122E+02 
1.557E-01 1.121E+02 
1.571E-01 1.121E+02 
1.584E-01 1.120E+02 
1.598E-01 1.120E+02 
1.612E-01 1.120E+02 
1.625E-01 1.119E+02 
1.639E-01 1.119E+02 
1.653E-01 1.118E+02 
1.666E-01 1.118E+02 
1.680E-01 1.117E+02 
1.694E-01 1.116E+02 
1.707E-01 1.116E+02 
1.721E-01 1.115E+02 
1.735E-01 1.114E+02 
1.748E-01 1.114E+02 
1.750E-01 1.114E+02 
1.762E-01 1.113E+02 
1.776E-01 1.112E+02 
1.789E-01 1.112E+02 
1.803E-01 1.111E+02 
1.817E-01 1.110E+02 
1.830E-01 1.109E+02 
1.844E-01 1.108E+02 
1.858E-01 1.107E+02 
1.871E-01 1.107E+02 
1.885E-01 1.106E+02 
1.899E-01 1.105E+02 
1.912E-01 1.104E+02 
1.926E-01 1.103E+02 
1.940E-01 1.102E+02 
1.953E-01 1.101E+02 
1.967E-01 1.100E+02 
1.981E-01 1.099E+02 
1.994E-01 1.098E+02 
2.000E-01 1.098E+02 
2.008E-01 1.097E+02 
2.022E-01 1.096E+02 
2.035E-01 1.095E+02 
2.049E-01 1.094E+02 
2.063E-01 1.093E+02 
2.077E-01 1.092E+02 
2.090E-01 1.091E+02 
2.104E-01 1.090E+02 
2.118E-01 1.089E+02 
2.131E-01 1.088E+02 
2.145E-01 1.086E+02 
2.159E-01 1.085E+02 
2.172E-01 1.084E+02 
2.186E-01 1.083E+02 
2.200E-01 1.082E+02 
2.213E-01 1.081E+02 
2.227E-01 1.080E+02 
2.241E-01 1.079E+02 
2.250E-01 1.078E+02 
2.254E-01 1.077E+02 
2.268E-01 1.076E+02 
2.282E-01 1.075E+02 
2.295E-01 1.074E+02 
2.309E-01 1.073E+02 
2.323E-01 1.072E+02 
2.336E-01 1.070E+02 
2.350E-01 1.069E+02 
2.364E-01 1.068E+02 
2.377E-01 1.067E+02 
2.391E-01 1.066E+02 
2.405E-01 1.064E+02 
2.418E-01 1.063E+02 
2.432E-01 1.062E+02 
2.446E-01 1.061E+02 
2.459E-01 1.060E+02 
2.473E-01 1.058E+02 
2.487E-01 1.057E+02 
2.500E-01 1.056E+02 
2.500E-01 1.056E+02 
2.514E-01 1.055E+02 
2.528E-01 1.054E+02 
2.541E-01 1.052E+02 
2.555E-01 1.051E+02 
2.569E-01 1.050E+02 
2.582E-01 1.049E+02 
2.596E-01 1.047E+02 
2.610E-01 1.046E+02 
2.623E-01 1.045E+02 
2.637E-01 1.044E+02 
2.651E-01 1.043E+02 
2.664E-01 1.041E+02 
2.678E-01 1.040E+02 
2.692E-01 1.039E+02 
2.705E-01 1.038E+02 
2.719E-01 1.036E+02 
2.733E-01 1.035E+02 
2.746E-01 1.034E+02 
2.750E-01 1.034E+02 
2.760E-01 1.033E+02 
2.774E-01 1.032E+02 
2.787E-01 1.030E+02 
2.801E-01 1.029E+02 
2.815E-01 1.028E+02 
2.828E-01 1.027E+02 
2.842E-01 1.026E+02 
2.856E-01 1.024E+02 
2.869E-01 1.023E+02 
2.883E-01 1.022E+02 
2.897E-01 1.021E+02 
2.911E-01 1.020E+02 
2.924E-01 1.018E+02 
2.938E-01 1.017E+02 
2.952E-01 1.016E+02 
2.965E-01 1.015E+02 
2.979E-01 1.013E+02 
2.993E-01 1.012E+02 
3.000E-01 1.011E+02 
3.006E-01 1.011E+02 
3.020E-01 1.010E+02 
3.034E-01 1.008E+02 
3.047E-01 1.007E+02 
3.061E-01 1.006E+02 
3.075E-01 1.005E+02 
3.088E-01 1.003E+02 
3.102E-01 1.002E+02 
3.116E-01 1.001E+02 
3.129E-01 9.996E+01 
3.143E-01 9.983E+01 
3.157E-01 9.970E+01 
3.170E-01 9.957E+01 
3.184E-01 9.944E+01 
3.198E-01 9.932E+01 
3.211E-01 9.919E+01 
3.225E-01 9.906E+01 
3.239E-01 9.893E+01 
3.252E-01 9.880E+01 
3.266E-01 9.867E+01 
3.280E-01 9.854E+01 
3.293E-01 9.841E+01 
3.307E-01 9.828E+01 
3.321E-01 9.815E+01 
3.334E-01 9.802E+01 
3.348E-01 9.789E+01 
3.362E-01 9.776E+01 
3.375E-01 9.764E+01 
3.389E-01 9.751E+01 
3.403E-01 9.738E+01 
3.416E-01 9.725E+01 
3.430E-01 9.712E+01 
3.444E-01 9.699E+01 
3.457E-01 9.686E+01 
3.471E-01 9.673E+01 
3.485E-01 9.660E+01 
3.498E-01 9.648E+01 
3.500E-01 9.646E+01 
3.512E-01 9.635E+01 
3.526E-01 9.622E+01 
3.539E-01 9.609E+01 
3.553E-01 9.596E+01 
3.567E-01 9.584E+01 
3.580E-01 9.571E+01 
3.594E-01 9.558E+01 
3.608E-01 9.545E+01 
3.621E-01 9.533E+01 
3.635E-01 9.520E+01 
3.649E-01 9.507E+01 
3.662E-01 9.495E+01 
3.676E-01 9.482E+01 
3.690E-01 9.470E+01 
3.704E-01 9.457E+01 
3.717E-01 9.445E+01 
3.731E-01 9.432E+01 
3.745E-01 9.420E+01 
3.758E-01 9.407E+01 
3.772E-01 9.395E+01 
3.786E-01 9.383E+01 
3.799E-01 9.370E+01 
3.813E-01 9.358E+01 
3.827E-01 9.346E+01 
3.840E-01 9.333E+01 
3.854E-01 9.321E+01 
3.868E-01 9.309E+01 
3.881E-01 9.297E+01 
3.895E-01 9.285E+01 
3.909E-01 9.272E+01 
3.922E-01 9.260E+01 
3.936E-01 9.248E+01 
3.950E-01 9.236E+01 
3.963E-01 9.224E+01 
3.977E-01 9.212E+01 
3.991E-01 9.200E+01 
4.000E-01 9.192E+01 
4.004E-01 9.189E+01 
4.018E-01 9.177E+01 
4.032E-01 9.165E+01 
4.045E-01 9.153E+01 
4.059E-01 9.141E+01 
4.073E-01 9.130E+01 
4.086E-01 9.118E+01 
4.100E-01 9.106E+01 
4.500E-01 8.781E+01 
5.000E-01 8.415E+01 
5.500E-01 8.093E+01 
6.000E-01 7.809E+01 
6.500E-01 7.555E+01