1.000E-03 1.677E+02 
1.200E-03 1.797E+02 
1.500E-03 1.963E+02 
2.000E-03 2.214E+02 
2.500E-03 2.443E+02 
2.567E-03 2.472E+02 
3.000E-03 2.652E+02 
3.934E-03 2.940E+02 
4.000E-03 2.958E+02 
5.000E-03 3.241E+02 
5.302E-03 3.322E+02 
6.000E-03 3.500E+02 
6.669E-03 3.663E+02 
7.000E-03 3.738E+02 
8.000E-03 3.946E+02 
8.036E-03 3.953E+02 
9.000E-03 4.132E+02 
9.403E-03 4.203E+02 
1.000E-02 4.303E+02 
1.077E-02 4.427E+02 
1.214E-02 4.628E+02 
1.250E-02 4.678E+02 
1.351E-02 4.810E+02 
1.487E-02 4.976E+02 
1.500E-02 4.991E+02 
1.624E-02 5.131E+02 
1.750E-02 5.264E+02 
1.761E-02 5.275E+02 
1.897E-02 5.412E+02 
2.000E-02 5.510E+02 
2.034E-02 5.542E+02 
2.171E-02 5.664E+02 
2.250E-02 5.731E+02 
2.308E-02 5.778E+02 
2.444E-02 5.886E+02 
2.500E-02 5.927E+02 
2.581E-02 5.986E+02 
2.718E-02 6.080E+02 
2.750E-02 6.101E+02 
2.854E-02 6.169E+02 
2.991E-02 6.254E+02 
3.000E-02 6.259E+02 
3.128E-02 6.336E+02 
3.265E-02 6.416E+02 
3.401E-02 6.495E+02 
3.500E-02 6.551E+02 
3.538E-02 6.572E+02 
3.675E-02 6.649E+02 
3.812E-02 6.723E+02 
3.948E-02 6.796E+02 
4.000E-02 6.823E+02 
4.085E-02 6.867E+02 
4.222E-02 6.935E+02 
4.358E-02 7.001E+02 
4.495E-02 7.064E+02 
4.500E-02 7.067E+02 
4.632E-02 7.125E+02 
4.769E-02 7.183E+02 
4.905E-02 7.237E+02 
5.000E-02 7.274E+02 
5.042E-02 7.289E+02 
5.179E-02 7.338E+02 
5.315E-02 7.384E+02 
5.452E-02 7.427E+02 
5.500E-02 7.441E+02 
5.589E-02 7.467E+02 
5.726E-02 7.505E+02 
5.862E-02 7.541E+02 
5.999E-02 7.574E+02 
6.000E-02 7.574E+02 
6.136E-02 7.605E+02 
6.273E-02 7.634E+02 
6.409E-02 7.661E+02 
6.500E-02 7.677E+02 
6.546E-02 7.685E+02 
6.683E-02 7.709E+02 
6.819E-02 7.730E+02 
6.956E-02 7.749E+02 
7.000E-02 7.755E+02 
7.093E-02 7.767E+02 
7.230E-02 7.783E+02 
7.366E-02 7.798E+02 
7.500E-02 7.810E+02 
7.503E-02 7.811E+02 
7.640E-02 7.822E+02 
7.776E-02 7.832E+02 
7.913E-02 7.840E+02 
8.000E-02 7.845E+02 
8.050E-02 7.847E+02 
8.187E-02 7.853E+02 
8.323E-02 7.857E+02 
8.460E-02 7.860E+02 
8.500E-02 7.861E+02 
8.597E-02 7.862E+02 
8.734E-02 7.862E+02 
8.870E-02 7.862E+02 
9.000E-02 7.860E+02 
9.007E-02 7.860E+02 
9.144E-02 7.857E+02 
9.280E-02 7.854E+02 
9.417E-02 7.849E+02 
9.500E-02 7.846E+02 
9.554E-02 7.843E+02 
9.691E-02 7.837E+02 
9.827E-02 7.829E+02 
9.964E-02 7.821E+02 
1.000E-01 7.819E+02 
1.010E-01 7.812E+02 
1.024E-01 7.802E+02 
1.037E-01 7.791E+02 
1.051E-01 7.780E+02 
1.065E-01 7.768E+02 
1.078E-01 7.755E+02 
1.092E-01 7.742E+02 
1.106E-01 7.728E+02 
1.119E-01 7.713E+02 
1.133E-01 7.698E+02 
1.147E-01 7.682E+02 
1.160E-01 7.666E+02 
1.174E-01 7.649E+02 
1.188E-01 7.632E+02 
1.201E-01 7.614E+02 
1.215E-01 7.596E+02 
1.229E-01 7.577E+02 
1.243E-01 7.559E+02 
1.250E-01 7.548E+02 
1.256E-01 7.539E+02 
1.270E-01 7.520E+02 
1.284E-01 7.500E+02 
1.297E-01 7.480E+02 
1.311E-01 7.459E+02 
1.325E-01 7.438E+02 
1.338E-01 7.417E+02 
1.352E-01 7.396E+02 
1.366E-01 7.374E+02 
1.379E-01 7.352E+02 
1.393E-01 7.331E+02 
1.407E-01 7.308E+02 
1.420E-01 7.286E+02 
1.434E-01 7.264E+02 
1.448E-01 7.241E+02 
1.461E-01 7.218E+02 
1.475E-01 7.195E+02 
1.489E-01 7.172E+02 
1.500E-01 7.153E+02 
1.502E-01 7.149E+02 
1.516E-01 7.126E+02 
1.530E-01 7.103E+02 
1.543E-01 7.079E+02 
1.557E-01 7.056E+02 
1.571E-01 7.032E+02 
1.584E-01 7.008E+02 
1.598E-01 6.985E+02 
1.612E-01 6.961E+02 
1.625E-01 6.937E+02 
1.639E-01 6.914E+02 
1.653E-01 6.890E+02 
1.666E-01 6.866E+02 
1.680E-01 6.842E+02 
1.694E-01 6.819E+02 
1.707E-01 6.795E+02 
1.721E-01 6.771E+02 
1.735E-01 6.747E+02 
1.748E-01 6.724E+02 
1.750E-01 6.721E+02 
1.762E-01 6.700E+02 
1.776E-01 6.676E+02 
1.789E-01 6.653E+02 
1.803E-01 6.629E+02 
1.817E-01 6.605E+02 
1.830E-01 6.582E+02 
1.844E-01 6.559E+02 
1.858E-01 6.535E+02 
1.871E-01 6.512E+02 
1.885E-01 6.489E+02 
1.899E-01 6.466E+02 
1.912E-01 6.443E+02 
1.926E-01 6.420E+02 
1.940E-01 6.397E+02 
1.953E-01 6.374E+02 
1.967E-01 6.351E+02 
1.981E-01 6.329E+02 
1.994E-01 6.306E+02 
2.000E-01 6.297E+02 
2.008E-01 6.284E+02 
2.022E-01 6.262E+02 
2.035E-01 6.240E+02 
2.049E-01 6.218E+02 
2.063E-01 6.196E+02 
2.077E-01 6.174E+02 
2.090E-01 6.152E+02 
2.104E-01 6.131E+02 
2.118E-01 6.109E+02 
2.131E-01 6.088E+02 
2.145E-01 6.067E+02 
2.159E-01 6.046E+02 
2.172E-01 6.025E+02 
2.186E-01 6.004E+02 
2.200E-01 5.983E+02 
2.213E-01 5.963E+02 
2.227E-01 5.942E+02 
2.241E-01 5.922E+02 
2.250E-01 5.908E+02 
2.254E-01 5.902E+02 
2.268E-01 5.882E+02 
2.282E-01 5.862E+02 
2.295E-01 5.842E+02 
2.309E-01 5.822E+02 
2.323E-01 5.803E+02 
2.336E-01 5.783E+02 
2.350E-01 5.764E+02 
2.364E-01 5.745E+02 
2.377E-01 5.726E+02 
2.391E-01 5.707E+02 
2.405E-01 5.688E+02 
2.418E-01 5.670E+02 
2.432E-01 5.651E+02 
2.446E-01 5.633E+02 
2.459E-01 5.615E+02 
2.473E-01 5.596E+02 
2.487E-01 5.578E+02 
2.500E-01 5.561E+02 
2.500E-01 5.560E+02 
2.514E-01 5.543E+02 
2.528E-01 5.525E+02 
2.541E-01 5.508E+02 
2.555E-01 5.490E+02 
2.569E-01 5.473E+02 
2.582E-01 5.456E+02 
2.596E-01 5.439E+02 
2.610E-01 5.422E+02 
2.623E-01 5.405E+02 
2.637E-01 5.388E+02 
2.651E-01 5.371E+02 
2.664E-01 5.355E+02 
2.678E-01 5.338E+02 
2.692E-01 5.322E+02 
2.705E-01 5.306E+02 
2.719E-01 5.290E+02 
2.733E-01 5.274E+02 
2.746E-01 5.258E+02 
2.750E-01 5.254E+02 
2.760E-01 5.242E+02 
2.774E-01 5.226E+02 
2.787E-01 5.211E+02 
2.801E-01 5.195E+02 
2.815E-01 5.180E+02 
2.828E-01 5.164E+02 
2.842E-01 5.149E+02 
2.856E-01 5.134E+02 
2.869E-01 5.119E+02 
2.883E-01 5.104E+02 
2.897E-01 5.089E+02 
2.911E-01 5.075E+02 
2.924E-01 5.060E+02 
2.938E-01 5.046E+02 
2.952E-01 5.031E+02 
2.965E-01 5.017E+02 
2.979E-01 5.003E+02 
2.993E-01 4.989E+02 
3.000E-01 4.982E+02 
3.006E-01 4.975E+02 
3.020E-01 4.962E+02 
3.034E-01 4.948E+02 
3.047E-01 4.935E+02 
3.061E-01 4.921E+02 
3.075E-01 4.908E+02 
3.088E-01 4.895E+02 
3.102E-01 4.882E+02 
3.116E-01 4.869E+02 
3.129E-01 4.856E+02 
3.143E-01 4.844E+02 
3.157E-01 4.831E+02 
3.170E-01 4.819E+02 
3.184E-01 4.806E+02 
3.198E-01 4.794E+02 
3.211E-01 4.782E+02 
3.225E-01 4.769E+02 
3.239E-01 4.757E+02 
3.252E-01 4.746E+02 
3.266E-01 4.734E+02 
3.280E-01 4.722E+02 
3.293E-01 4.710E+02 
3.307E-01 4.699E+02 
3.321E-01 4.687E+02 
3.334E-01 4.676E+02 
3.348E-01 4.664E+02 
3.362E-01 4.653E+02 
3.375E-01 4.642E+02 
3.389E-01 4.631E+02 
3.403E-01 4.620E+02 
3.416E-01 4.609E+02 
3.430E-01 4.598E+02 
3.444E-01 4.587E+02 
3.457E-01 4.576E+02 
3.471E-01 4.566E+02 
3.485E-01 4.555E+02 
3.498E-01 4.544E+02 
3.500E-01 4.543E+02 
3.512E-01 4.534E+02 
3.526E-01 4.523E+02 
3.539E-01 4.513E+02 
3.553E-01 4.503E+02 
3.567E-01 4.493E+02 
3.580E-01 4.482E+02 
3.594E-01 4.472E+02 
3.608E-01 4.462E+02 
3.621E-01 4.452E+02 
3.635E-01 4.442E+02 
3.649E-01 4.432E+02 
3.662E-01 4.423E+02 
3.676E-01 4.413E+02 
3.690E-01 4.403E+02 
3.704E-01 4.394E+02 
3.717E-01 4.384E+02 
3.731E-01 4.374E+02 
3.745E-01 4.365E+02 
3.758E-01 4.355E+02 
3.772E-01 4.346E+02 
3.786E-01 4.337E+02 
3.799E-01 4.327E+02 
3.813E-01 4.318E+02 
3.827E-01 4.309E+02 
3.840E-01 4.300E+02 
3.854E-01 4.291E+02 
3.868E-01 4.282E+02 
3.881E-01 4.273E+02 
3.895E-01 4.264E+02 
3.909E-01 4.255E+02 
3.922E-01 4.246E+02 
3.936E-01 4.237E+02 
3.950E-01 4.228E+02 
3.963E-01 4.220E+02 
3.977E-01 4.211E+02 
3.991E-01 4.202E+02 
4.000E-01 4.196E+02 
4.004E-01 4.194E+02 
4.018E-01 4.185E+02 
4.032E-01 4.176E+02 
4.045E-01 4.168E+02 
4.059E-01 4.160E+02 
4.073E-01 4.151E+02 
4.086E-01 4.143E+02 
4.100E-01 4.134E+02 
4.500E-01 3.906E+02 
5.000E-01 3.654E+02 
5.500E-01 3.433E+02 
6.000E-01 3.240E+02 
6.500E-01 3.073E+02 
7.000E-01 2.925E+02 
7.500E-01 2.793E+02 
8.000E-01 2.675E+02 
8.500E-01 2.568E+02 
9.000E-01 2.470E+02 
9.500E-01 2.380E+02 
1.000E+00 2.297E+02 
1.250E+00 1.968E+02 
1.500E+00 1.731E+02 
1.750E+00 1.551E+02 
2.000E+00 1.409E+02 
2.250E+00 1.293E+02 
2.500E+00 1.196E+02 
2.750E+00 1.115E+02 
3.000E+00 1.045E+02 
3.500E+00 9.301E+01 
4.000E+00 8.399E+01 
4.500E+00 7.671E+01 
5.000E+00 7.069E+01 
5.500E+00 6.562E+01 
6.000E+00 6.130E+01 
6.500E+00 5.755E+01 
7.000E+00 5.428E+01 
7.500E+00 5.139E+01 
8.000E+00 4.881E+01 
8.500E+00 4.652E+01 
9.000E+00 4.444E+01 
9.500E+00 4.256E+01 
1.000E+01 4.084E+01 
1.250E+01 3.413E+01 
1.500E+01 2.945E+01 
1.750E+01 2.599E+01 
2.000E+01 2.332E+01 
2.500E+01 1.946E+01 
2.750E+01 1.801E+01 
3.000E+01 1.678E+01 
3.500E+01 1.482E+01 
4.000E+01 1.331E+01 
4.500E+01 1.211E+01 
5.000E+01 1.114E+01 
5.500E+01 1.033E+01 
6.000E+01 9.645E+00 
6.500E+01 9.060E+00 
7.000E+01 8.553E+00 
7.500E+01 8.109E+00 
8.000E+01 7.717E+00 
8.500E+01 7.368E+00 
9.000E+01 7.056E+00 
9.500E+01 6.775E+00 
1.000E+02 6.520E+00 
1.250E+02 5.538E+00 
1.500E+02 4.868E+00 
1.750E+02 4.382E+00 
2.000E+02 4.014E+00 
2.250E+02 3.724E+00 
2.500E+02 3.492E+00 
2.750E+02 3.300E+00 
3.000E+02 3.140E+00 
3.500E+02 2.889E+00 
4.000E+02 2.700E+00 
4.500E+02 2.554E+00 
5.000E+02 2.438E+00 
5.500E+02 2.344E+00 
6.000E+02 2.266E+00 
6.500E+02 2.202E+00 
7.000E+02 2.147E+00 
7.500E+02 2.101E+00 
8.000E+02 2.061E+00 
8.500E+02 2.026E+00 
9.000E+02 1.996E+00 
9.500E+02 1.969E+00 
1.000E+03 1.946E+00 
1.500E+03 1.816E+00 
2.000E+03 1.772E+00 
2.500E+03 1.757E+00 
3.000E+03 1.755E+00 
4.000E+03 1.768E+00 
5.000E+03 1.787E+00 
6.000E+03 1.808E+00 
7.000E+03 1.828E+00 
8.000E+03 1.847E+00 
9.000E+03 1.864E+00 
1.000E+04 1.881E+00 