1.2000000E-03
2.5672241E-03
3.9344482E-03
5.3016722E-03
6.6688963E-03
8.0361204E-03
9.4033445E-03
1.0770569E-02
1.2137793E-02
1.3505017E-02
1.4872241E-02
1.6239465E-02
1.7606689E-02
1.8973913E-02
2.0341137E-02
2.1708361E-02
2.3075585E-02
2.4442809E-02
2.5810033E-02
2.7177258E-02
2.8544482E-02
2.9911706E-02
3.1278930E-02
3.2646154E-02
3.4013378E-02
3.5380602E-02
3.6747826E-02
3.8115050E-02
3.9482274E-02
4.0849498E-02
4.2216722E-02
4.3583946E-02
4.4951171E-02
4.6318395E-02
4.7685619E-02
4.9052843E-02
5.0420067E-02
5.1787291E-02
5.3154515E-02
5.4521739E-02
5.5888963E-02
5.7256187E-02
5.8623411E-02
5.9990635E-02
6.1357860E-02
6.2725084E-02
6.4092308E-02
6.5459532E-02
6.6826756E-02
6.8193980E-02
6.9561204E-02
7.0928428E-02
7.2295652E-02
7.3662876E-02
7.5030100E-02
7.6397324E-02
7.7764548E-02
7.9131773E-02
8.0498997E-02
8.1866221E-02
8.3233445E-02
8.4600669E-02
8.5967893E-02
8.7335117E-02
8.8702341E-02
9.0069565E-02
9.1436789E-02
9.2804013E-02
9.4171237E-02
9.5538462E-02
9.6905686E-02
9.8272910E-02
9.9640134E-02
1.0100736E-01
1.0237458E-01
1.0374181E-01
1.0510903E-01
1.0647625E-01
1.0784348E-01
1.0921070E-01
1.1057793E-01
1.1194515E-01
1.1331237E-01
1.1467960E-01
1.1604682E-01
1.1741405E-01
1.1878127E-01
1.2014849E-01
1.2151572E-01
1.2288294E-01
1.2425017E-01
1.2561739E-01
1.2698462E-01
1.2835184E-01
1.2971906E-01
1.3108629E-01
1.3245351E-01
1.3382074E-01
1.3518796E-01
1.3655518E-01
1.3792241E-01
1.3928963E-01
1.4065686E-01
1.4202408E-01
1.4339130E-01
1.4475853E-01
1.4612575E-01
1.4749298E-01
1.4886020E-01
1.5022742E-01
1.5159465E-01
1.5296187E-01
1.5432910E-01
1.5569632E-01
1.5706355E-01
1.5843077E-01
1.5979799E-01
1.6116522E-01
1.6253244E-01
1.6389967E-01
1.6526689E-01
1.6663411E-01
1.6800134E-01
1.6936856E-01
1.7073579E-01
1.7210301E-01
1.7347023E-01
1.7483746E-01
1.7620468E-01
1.7757191E-01
1.7893913E-01
1.8030635E-01
1.8167358E-01
1.8304080E-01
1.8440803E-01
1.8577525E-01
1.8714247E-01
1.8850970E-01
1.8987692E-01
1.9124415E-01
1.9261137E-01
1.9397860E-01
1.9534582E-01
1.9671304E-01
1.9808027E-01
1.9944749E-01
2.0081472E-01
2.0218194E-01
2.0354916E-01
2.0491639E-01
2.0628361E-01
2.0765084E-01
2.0901806E-01
2.1038528E-01
2.1175251E-01
2.1311973E-01
2.1448696E-01
2.1585418E-01
2.1722140E-01
2.1858863E-01
2.1995585E-01
2.2132308E-01
2.2269030E-01
2.2405753E-01
2.2542475E-01
2.2679197E-01
2.2815920E-01
2.2952642E-01
2.3089365E-01
2.3226087E-01
2.3362809E-01
2.3499532E-01
2.3636254E-01
2.3772977E-01
2.3909699E-01
2.4046421E-01
2.4183144E-01
2.4319866E-01
2.4456589E-01
2.4593311E-01
2.4730033E-01
2.4866756E-01
2.5003478E-01
2.5140201E-01
2.5276923E-01
2.5413645E-01
2.5550368E-01
2.5687090E-01
2.5823813E-01
2.5960535E-01
2.6097258E-01
2.6233980E-01
2.6370702E-01
2.6507425E-01
2.6644147E-01
2.6780870E-01
2.6917592E-01
2.7054314E-01
2.7191037E-01
2.7327759E-01
2.7464482E-01
2.7601204E-01
2.7737926E-01
2.7874649E-01
2.8011371E-01
2.8148094E-01
2.8284816E-01
2.8421538E-01
2.8558261E-01
2.8694983E-01
2.8831706E-01
2.8968428E-01
2.9105151E-01
2.9241873E-01
2.9378595E-01
2.9515318E-01
2.9652040E-01
2.9788763E-01
2.9925485E-01
3.0062207E-01
3.0198930E-01
3.0335652E-01
3.0472375E-01
3.0609097E-01
3.0745819E-01
3.0882542E-01
3.1019264E-01
3.1155987E-01
3.1292709E-01
3.1429431E-01
3.1566154E-01
3.1702876E-01
3.1839599E-01
3.1976321E-01
3.2113043E-01
3.2249766E-01
3.2386488E-01
3.2523211E-01
3.2659933E-01
3.2796656E-01
3.2933378E-01
3.3070100E-01
3.3206823E-01
3.3343545E-01
3.3480268E-01
3.3616990E-01
3.3753712E-01
3.3890435E-01
3.4027157E-01
3.4163880E-01
3.4300602E-01
3.4437324E-01
3.4574047E-01
3.4710769E-01
3.4847492E-01
3.4984214E-01
3.5120936E-01
3.5257659E-01
3.5394381E-01
3.5531104E-01
3.5667826E-01
3.5804548E-01
3.5941271E-01
3.6077993E-01
3.6214716E-01
3.6351438E-01
3.6488161E-01
3.6624883E-01
3.6761605E-01
3.6898328E-01
3.7035050E-01
3.7171773E-01
3.7308495E-01
3.7445217E-01
3.7581940E-01
3.7718662E-01
3.7855385E-01
3.7992107E-01
3.8128829E-01
3.8265552E-01
3.8402274E-01
3.8538997E-01
3.8675719E-01
3.8812441E-01
3.8949164E-01
3.9085886E-01
3.9222609E-01
3.9359331E-01
3.9496054E-01
3.9632776E-01
3.9769498E-01
3.9906221E-01
4.0042943E-01
4.0179666E-01
4.0316388E-01
4.0453110E-01
4.0589833E-01
4.0726555E-01
4.0863278E-01
4.1000000E-01
