0	0
1	0
2	0
3	0
4	0
5	0
6	0
7	0
8	0
9	0
10	0
11	0
12	0
13	0
14	0
15	0
16	0
17	0
18	0
19	0
20	0
21	0
22	0
23	0
24	0
25	0
26	0
27	0
28	0
29	0
30	0
31	0
32	0
33	0
34	0
35	0
36	0
37	0
38	0
39	3
40	2
41	6
42	1
43	1
44	3
45	9
46	3
47	3
48	12
49	4
50	4
51	8
52	0
53	1
54	1
55	4
56	5
57	1
58	1
59	1
60	1
61	2
62	4
63	0
64	2
65	3
66	2
67	1
68	4
69	1
70	4
71	2
72	3
73	4
74	2
75	1
76	0
77	1
78	4
79	3
80	3
81	4
82	0
83	2
84	4
85	4
86	0
87	1
88	0
89	1
90	2
91	1
92	0
93	2
94	2
95	3
96	4
97	3
98	3
99	1
100	1
101	1
102	2
103	1
104	1
105	2
106	4
107	1
108	1
109	2
110	0
111	1
112	1
113	0
114	2
115	2
116	0
117	0
118	0
119	0
120	2
121	3
122	0
123	0
124	0
125	0
126	1
127	0
128	2
129	3
130	2
131	1
132	1
133	3
134	3
135	2
136	1
137	0
138	1
139	1
140	1
141	0
142	2
143	0
144	3
145	3
146	3
147	4
148	3
149	2
150	2
151	2
152	2
153	2
154	0
155	0
156	3
157	3
158	5
159	2
160	3
161	5
162	3
163	5
164	5
165	1
166	4
167	4
168	9
169	6
170	9
171	6
172	9
173	4
174	8
175	8
176	7
177	12
178	10
179	9
180	6
181	11
182	11
183	11
184	13
185	9
186	12
187	16
188	17
189	13
190	14
191	25
192	19
193	11
194	16
195	13
196	19
197	26
198	22
199	23
200	26
201	37
202	44
203	48
204	42
205	48
206	51
207	46
208	41
209	39
210	37
211	31
212	36
213	43
214	28
215	29
216	41
217	36
218	35
219	42
220	34
221	38
222	52
223	33
224	30
225	34
226	52
227	53
228	50
229	52
230	64
231	55
232	57
233	65
234	51
235	42
236	54
237	67
238	55
239	60
240	56
241	68
242	50
243	60
244	56
245	69
246	87
247	69
248	74
249	67
250	76
251	78
252	104
253	129
254	275
255	639
256	1493
257	2927
258	4869
259	6631
260	7367
261	6329
262	4449
263	2708
264	1289
265	491
266	234
267	125
268	94
269	80
270	82
271	74
272	77
273	89
274	99
275	84
276	92
277	97
278	98
279	91
280	98
281	135
282	159
283	312
284	441
285	742
286	1192
287	1316
288	1478
289	1213
290	823
291	480
292	264
293	115
294	64
295	43
296	49
297	46
298	54
299	43
300	52
301	40
302	38
303	43
304	45
305	63
306	49
307	59
308	46
309	47
310	51
311	44
312	45
313	60
314	39
315	55
316	46
317	48
318	47
319	50
320	40
321	60
322	59
323	52
324	53
325	54
326	60
327	65
328	46
329	60
330	59
331	71
332	63
333	44
334	63
335	71
336	71
337	45
338	63
339	59
340	57
341	64
342	53
343	58
344	67
345	52
346	59
347	44
348	56
349	73
350	71
351	63
352	56
353	61
354	40
355	63
356	64
357	65
358	41
359	64
360	69
361	72
362	61
363	75
364	67
365	48
366	58
367	69
368	83
369	63
370	66
371	76
372	69
373	55
374	69
375	67
376	57
377	66
378	68
379	66
380	72
381	62
382	70
383	64
384	62
385	57
386	62
387	63
388	53
389	68
390	54
391	56
392	70
393	68
394	57
395	63
396	66
397	67
398	57
399	80
400	71
401	67
402	50
403	65
404	62
405	63
406	72
407	76
408	55
409	70
410	55
411	64
412	55
413	56
414	67
415	55
416	78
417	64
418	65
419	68
420	77
421	76
422	60
423	65
424	61
425	65
426	56
427	63
428	82
429	72
430	60
431	57
432	60
433	60
434	65
435	50
436	62
437	63
438	65
439	68
440	58
441	62
442	64
443	71
444	58
445	48
446	62
447	78
448	48
449	64
450	59
451	70
452	66
453	62
454	62
455	62
456	53
457	52
458	79
459	76
460	53
461	56
462	61
463	74
464	46
465	57
466	56
467	58
468	62
469	63
470	72
471	45
472	52
473	61
474	77
475	52
476	55
477	57
478	50
479	48
480	64
481	58
482	67
483	43
484	52
485	58
486	51
487	53
488	47
489	68
490	53
491	58
492	56
493	36
494	57
495	54
496	49
497	53
498	58
499	57
500	53
501	47
502	61
503	55
504	45
505	49
506	48
507	43
508	53
509	52
510	50
511	49
512	55
513	44
514	46
515	59
516	65
517	50
518	45
519	42
520	49
521	52
522	48
523	54
524	44
525	41
526	39
527	46
528	46
529	39
530	55
531	47
532	51
533	47
534	36
535	36
536	37
537	41
538	62
539	44
540	42
541	50
542	29
543	50
544	45
545	41
546	35
547	37
548	48
549	37
550	35
551	49
552	36
553	39
554	45
555	38
556	36
557	44
558	45
559	42
560	41
561	35
562	38
563	39
564	29
565	33
566	26
567	35
568	44
569	31
570	33
571	35
572	37
573	38
574	33
575	38
576	36
577	22
578	36
579	39
580	28
581	38
582	39
583	29
584	31
585	33
586	35
587	41
588	31
589	32
590	38
591	34
592	31
593	36
594	33
595	24
596	37
597	33
598	32
599	23
600	35
601	29
602	29
603	27
604	30
605	24
606	37
607	32
608	32
609	22
610	28
611	20
612	22
613	25
614	22
615	24
616	20
617	28
618	28
619	35
620	26
621	32
622	22
623	29
624	24
625	28
626	25
627	31
628	32
629	30
630	23
631	22
632	27
633	30
634	24
635	24
636	26
637	18
638	34
639	25
640	25
641	29
642	26
643	17
644	27
645	25
646	28
647	31
648	21
649	16
650	20
651	24
652	32
653	12
654	14
655	18
656	16
657	28
658	10
659	12
660	26
661	21
662	18
663	15
664	10
665	14
666	13
667	28
668	20
669	16
670	24
671	24
672	15
673	24
674	15
675	13
676	22
677	23
678	20
679	20
680	15
681	15
682	23
683	26
684	17
685	14
686	22
687	24
688	15
689	14
690	19
691	17
692	18
693	14
694	17
695	18
696	16
697	7
698	18
699	20
700	13
701	17
702	14
703	12
704	21
705	11
706	17
707	21
708	16
709	16
710	21
711	18
712	18
713	22
714	9
715	13
716	13
717	18
718	12
719	10
720	20
721	9
722	19
723	12
724	11
725	16
726	14
727	15
728	18
729	11
730	15
731	21
732	15
733	14
734	14
735	13
736	7
737	16
738	9
739	14
740	12
741	12
742	12
743	14
744	16
745	13
746	12
747	9
748	21
749	10
750	9
751	11
752	9
753	13
754	10
755	8
756	7
757	11
758	16
759	11
760	16
761	13
762	12
763	13
764	6
765	22
766	12
767	5
768	7
769	10
770	11
771	11
772	13
773	9
774	13
775	11
776	12
777	7
778	12
779	12
780	12
781	9
782	8
783	10
784	11
785	9
786	10
787	5
788	10
789	4
790	9
791	7
792	5
793	5
794	6
795	4
796	11
797	6
798	8
799	10
800	8
801	9
802	12
803	8
804	13
805	6
806	9
807	11
808	11
809	7
810	5
811	7
812	9
813	6
814	10
815	7
816	8
817	6
818	14
819	6
820	10
821	8
822	2
823	12
824	8
825	4
826	10
827	16
828	6
829	7
830	6
831	5
832	3
833	12
834	5
835	11
836	1
837	7
838	3
839	9
840	10
841	8
842	4
843	9
844	5
845	5
846	9
847	9
848	7
849	4
850	10
851	8
852	10
853	10
854	3
855	2
856	7
857	7
858	3
859	6
860	6
861	11
862	5
863	8
864	4
865	6
866	3
867	5
868	6
869	7
870	6
871	3
872	6
873	4
874	5
875	7
876	2
877	4
878	2
879	7
880	11
881	3
882	3
883	3
884	4
885	5
886	6
887	4
888	5
889	7
890	3
891	6
892	2
893	5
894	7
895	4
896	4
897	8
898	5
899	5
900	3
901	0
902	6
903	8
904	4
905	4
906	4
907	6
908	2
909	5
910	7
911	5
912	7
913	8
914	4
915	2
916	2
917	5
918	5
919	2
920	4
921	5
922	5
923	4
924	2
925	3
926	2
927	6
928	2
929	3
930	4
931	2
932	4
933	5
934	6
935	1
936	0
937	1
938	2
939	1
940	3
941	5
942	8
943	1
944	1
945	1
946	1
947	3
948	4
949	3
950	3
951	1
952	2
953	5
954	4
955	1
956	4
957	2
958	5
959	3
960	1
961	3
962	1
963	4
964	4
965	2
966	3
967	2
968	2
969	3
970	1
971	1
972	4
973	2
974	2
975	2
976	1
977	2
978	2
979	2
980	4
981	2
982	1
983	4
984	3
985	1
986	0
987	2
988	3
989	1
990	2
991	1
992	3
993	3
994	1
995	3
996	0
997	0
998	3
999	2
1000	3
1001	0
1002	0
1003	0
1004	2
1005	2
1006	2
1007	3
1008	2
1009	3
1010	2
1011	4
1012	2
1013	3
1014	0
1015	3
1016	2
1017	1
1018	0
1019	2
1020	1
1021	4
1022	3
1023	1
1024	3
1025	2
1026	0
1027	1
1028	5
1029	6
1030	1
1031	0
1032	1
1033	2
1034	1
1035	1
1036	0
1037	1
1038	2
1039	1
1040	2
1041	1
1042	3
1043	1
1044	0
1045	2
1046	0
1047	1
1048	3
1049	3
1050	1
1051	3
1052	2
1053	1
1054	2
1055	2
1056	2
1057	1
1058	1
1059	2
1060	2
1061	0
1062	0
1063	2
1064	1
1065	0
1066	3
1067	2
1068	1
1069	1
1070	1
1071	2
1072	1
1073	0
1074	0
1075	0
1076	1
1077	1
1078	1
1079	0
1080	1
1081	0
1082	1
1083	0
1084	1
1085	0
1086	1
1087	2
1088	0
1089	2
1090	1
1091	1
1092	1
1093	1
1094	0
1095	1
1096	0
1097	1
1098	1
1099	1
1100	0
1101	1
1102	2
1103	3
1104	0
1105	0
1106	1
1107	1
1108	0
1109	1
1110	0
1111	0
1112	1
1113	0
1114	0
1115	1
1116	1
1117	0
1118	0
1119	0
1120	0
1121	0
1122	0
1123	0
1124	0
1125	0
1126	0
1127	1
1128	0
1129	0
1130	1
1131	0
1132	1
1133	0
1134	0
1135	0
1136	0
1137	0
1138	0
1139	0
1140	0
1141	0
1142	0
1143	0
1144	0
1145	0
1146	0
1147	0
1148	0
1149	1
1150	0
1151	0
1152	0
1153	0
1154	0
1155	0
1156	0
1157	0
1158	0
1159	0
1160	0
1161	0
1162	0
1163	0
1164	0
1165	0
1166	0
1167	0
1168	0
1169	0
1170	0
1171	0
1172	0
1173	0
1174	1
1175	0
1176	0
1177	0
1178	0
1179	0
1180	0
1181	0
1182	0
1183	0
1184	0
1185	0
1186	0
1187	0
1188	0
1189	0
1190	0
1191	0
1192	0
1193	0
1194	0
1195	0
1196	0
1197	0
1198	0
1199	0
1200	0
1201	0
1202	0
1203	0
1204	0
1205	0
1206	0
1207	0
1208	0
1209	0
1210	0
1211	0
1212	0
1213	0
1214	0
1215	0
1216	0
1217	0
1218	0
1219	0
1220	0
1221	0
1222	0
1223	0
1224	0
1225	0
1226	0
1227	0
1228	0
1229	0
1230	0
1231	0
1232	0
1233	0
1234	0
1235	0
1236	0
1237	0
1238	0
1239	0
1240	0
1241	0
1242	0
1243	0
1244	0
1245	0
1246	0
1247	0
1248	0
1249	0
1250	0
1251	0
1252	0
1253	0
1254	0
1255	0
1256	0
1257	0
1258	0
1259	0
1260	0
1261	0
1262	0
1263	0
1264	0
1265	0
1266	0
1267	0
1268	0
1269	0
1270	0
1271	0
1272	0
1273	0
1274	0
1275	0
1276	0
1277	0
1278	0
1279	0
1280	0
1281	0
1282	0
1283	0
1284	0
1285	0
1286	0
1287	0
1288	0
1289	0
1290	0
1291	0
1292	0
1293	0
1294	0
1295	0
1296	0
1297	0
1298	0
1299	0
1300	0
1301	0
1302	0
1303	0
1304	0
1305	0
1306	0
1307	0
1308	0
1309	0
1310	0
1311	0
1312	0
1313	0
1314	0
1315	0
1316	0
1317	0
1318	0
1319	0
1320	0
1321	0
1322	0
1323	0
1324	0
1325	0
1326	0
1327	0
1328	0
1329	0
1330	0
1331	0
1332	0
1333	0
1334	0
1335	0
1336	0
1337	0
1338	0
1339	0
1340	0
1341	0
1342	0
1343	0
1344	0
1345	0
1346	0
1347	0
1348	1
1349	0
1350	0
1351	0
1352	0
1353	0
1354	0
1355	0
1356	0
1357	0
1358	0
1359	0
1360	0
1361	0
1362	0
1363	0
1364	0
1365	0
1366	0
1367	0
1368	0
1369	0
1370	0
1371	0
1372	0
1373	0
1374	0
1375	0
1376	0
1377	0
1378	0
1379	0
1380	0
1381	0
1382	0
1383	0
1384	0
1385	0
1386	0
1387	0
1388	0
1389	0
1390	0
1391	0
1392	0
1393	0
1394	0
1395	0
1396	0
1397	0
1398	0
1399	0
1400	0
1401	0
1402	0
1403	0
1404	0
1405	0
1406	0
1407	0
1408	0
1409	0
1410	0
1411	0
1412	0
1413	0
1414	0
1415	0
1416	0
1417	0
1418	0
1419	0
1420	0
1421	0
1422	0
1423	0
1424	0
1425	0
1426	0
1427	0
1428	0
1429	0
1430	0
1431	0
1432	0
1433	0
1434	0
1435	0
1436	0
1437	0
1438	0
1439	0
1440	0
1441	0
1442	0
1443	0
1444	0
1445	0
1446	0
1447	0
1448	0
1449	0
1450	0
1451	0
1452	0
1453	0
1454	0
1455	0
1456	0
1457	0
1458	0
1459	0
1460	0
1461	0
1462	0
1463	0
1464	0
1465	0
1466	0
1467	0
1468	0
1469	0
1470	0
1471	0
1472	0
1473	0
1474	0
1475	0
1476	0
1477	0
1478	0
1479	0
1480	0
1481	0
1482	0
1483	0
1484	0
1485	0
1486	0
1487	0
1488	0
1489	0
1490	0
1491	0
1492	0
1493	0
1494	0
1495	0
1496	0
1497	0
1498	0
1499	0
1500	0
1501	0
1502	0
1503	0
1504	0
1505	0
1506	0
1507	0
1508	0
1509	0
1510	0
1511	0
1512	0
1513	0
1514	0
1515	0
1516	0
1517	0
1518	0
1519	0
1520	0
1521	0
1522	0
1523	0
1524	0
1525	0
1526	0
1527	0
1528	0
1529	0
1530	0
1531	0
1532	0
1533	0
1534	0
1535	0
1536	0
1537	0
1538	0
1539	0
1540	0
1541	0
1542	0
1543	0
1544	0
1545	0
1546	0
1547	0
1548	0
1549	0
1550	0
1551	0
1552	0
1553	0
1554	0
1555	0
1556	0
1557	0
1558	0
1559	0
1560	0
1561	0
1562	0
1563	0
1564	0
1565	0
1566	0
1567	0
1568	0
1569	0
1570	0
1571	0
1572	0
1573	0
1574	0
1575	0
1576	0
1577	0
1578	0
1579	0
1580	0
1581	0
1582	0
1583	0
1584	0
1585	0
1586	0
1587	0
1588	0
1589	0
1590	0
1591	0
1592	0
1593	0
1594	0
1595	0
1596	0
1597	0
1598	0
1599	0
1600	0
1601	0
1602	0
1603	0
1604	0
1605	0
1606	0
1607	0
1608	0
1609	0
1610	0
1611	0
1612	0
1613	0
1614	0
1615	0
1616	0
1617	0
1618	0
1619	0
1620	0
1621	0
1622	0
1623	0
1624	0
1625	0
1626	0
1627	0
1628	0
1629	0
1630	0
1631	0
1632	0
1633	0
1634	0
1635	0
1636	0
1637	0
1638	0
1639	0
1640	0
1641	0
1642	0
1643	0
1644	0
1645	0
1646	0
1647	0
1648	0
1649	0
1650	0
1651	0
1652	0
1653	0
1654	0
1655	0
1656	0
1657	0
1658	0
1659	0
1660	0
1661	0
1662	0
1663	0
1664	0
1665	0
1666	0
1667	0
1668	0
1669	0
1670	0
1671	0
1672	0
1673	0
1674	0
1675	0
1676	0
1677	0
1678	0
1679	0
1680	0
1681	0
1682	0
1683	0
1684	0
1685	0
1686	0
1687	0
1688	0
1689	0
1690	0
1691	0
1692	0
1693	0
1694	0
1695	0
1696	0
1697	0
1698	0
1699	0
1700	0
1701	0
1702	0
1703	0
1704	0
1705	0
1706	0
1707	0
1708	0
1709	0
1710	0
1711	0
1712	0
1713	0
1714	0
1715	0
1716	0
1717	0
1718	0
1719	0
1720	0
1721	0
1722	0
1723	0
1724	0
1725	0
1726	0
1727	0
1728	0
1729	0
1730	0
1731	0
1732	0
1733	0
1734	0
1735	0
1736	0
1737	0
1738	0
1739	0
1740	0
1741	0
1742	0
1743	0
1744	0
1745	0
1746	0
1747	0
1748	0
1749	0
1750	0
1751	0
1752	0
1753	0
1754	0
1755	0
1756	0
1757	0
1758	0
1759	0
1760	0
1761	0
1762	0
1763	0
1764	0
1765	0
1766	0
1767	0
1768	0
1769	0
1770	0
1771	0
1772	0
1773	0
1774	0
1775	0
1776	0
1777	0
1778	0
1779	0
1780	0
1781	0
1782	0
1783	0
1784	0
1785	0
1786	0
1787	0
1788	0
1789	0
1790	0
1791	0
1792	0
1793	0
1794	0
1795	0
1796	0
1797	0
1798	0
1799	0
1800	0
1801	0
1802	0
1803	0
1804	0
1805	0
1806	0
1807	0
1808	0
1809	0
1810	0
1811	0
1812	0
1813	0
1814	0
1815	0
1816	0
1817	0
1818	0
1819	0
1820	0
1821	0
1822	0
1823	0
1824	0
1825	0
1826	0
1827	0
1828	0
1829	0
1830	0
1831	0
1832	0
1833	0
1834	0
1835	0
1836	0
1837	0
1838	0
1839	0
1840	0
1841	0
1842	0
1843	0
1844	0
1845	0
1846	0
1847	0
1848	0
1849	0
1850	0
1851	0
1852	0
1853	0
1854	0
1855	0
1856	0
1857	0
1858	0
1859	0
1860	0
1861	0
1862	0
1863	0
1864	0
1865	0
1866	0
1867	0
1868	0
1869	0
1870	0
1871	0
1872	0
1873	0
1874	0
1875	0
1876	0
1877	0
1878	0
1879	0
1880	0
1881	0
1882	0
1883	0
1884	0
1885	0
1886	0
1887	0
1888	0
1889	0
1890	0
1891	0
1892	0
1893	0
1894	0
1895	0
1896	0
1897	0
1898	0
1899	0
1900	0
1901	0
1902	0
1903	0
1904	0
1905	0
1906	0
1907	0
1908	0
1909	0
1910	0
1911	0
1912	0
1913	0
1914	0
1915	0
1916	0
1917	0
1918	0
1919	0
1920	0
1921	0
1922	0
1923	0
1924	0
1925	0
1926	0
1927	0
1928	0
1929	0
1930	0
1931	0
1932	0
1933	0
1934	0
1935	0
1936	0
1937	0
1938	0
1939	0
1940	0
1941	0
1942	0
1943	0
1944	0
1945	0
1946	0
1947	0
1948	0
1949	0
1950	0
1951	0
1952	0
1953	0
1954	0
1955	0
1956	0
1957	0
1958	0
1959	0
1960	0
1961	0
1962	0
1963	0
1964	0
1965	0
1966	0
1967	0
1968	0
1969	0
1970	0
1971	0
1972	0
1973	0
1974	0
1975	0
1976	0
1977	0
1978	0
1979	0
1980	0
1981	0
1982	0
1983	0
1984	0
1985	0
1986	0
1987	0
1988	0
1989	0
1990	0
1991	0
1992	0
1993	0
1994	0
1995	0
1996	0
1997	0
1998	0
1999	0
2000	0
2001	0
2002	0
2003	0
2004	0
2005	0
2006	0
2007	0
2008	0
2009	0
2010	0
2011	0
2012	0
2013	0
2014	0
2015	0
2016	0
2017	0
2018	0
2019	0
2020	0
2021	0
2022	0
2023	0
2024	0
2025	0
2026	0
2027	0
2028	0
2029	0
2030	0
2031	0
2032	0
2033	0
2034	0
2035	0
2036	0
2037	0
2038	0
2039	0
2040	0
2041	0
2042	0
2043	0
2044	0
2045	0
2046	0
2047	0
