Filename:  C:\Users\au576929\Documents\ExperimentalPhysics3\X-rays\Absorbanter\Absorber2.mca
Description:  
TimeStamp:  11/11/2019 13:24:29

Spectral Data Information
Channel	Data
0	0
1	0
2	0
3	0
4	0
5	0
6	0
7	0
8	0
9	0
10	0
11	0
12	0
13	0
14	0
15	0
16	0
17	0
18	0
19	0
20	0
21	0
22	0
23	0
24	0
25	0
26	0
27	0
28	0
29	0
30	0
31	0
32	0
33	0
34	0
35	0
36	0
37	0
38	0
39	9
40	13
41	12
42	13
43	19
44	15
45	12
46	13
47	10
48	10
49	15
50	12
51	12
52	11
53	8
54	7
55	4
56	6
57	4
58	14
59	12
60	15
61	11
62	5
63	12
64	7
65	4
66	8
67	2
68	9
69	11
70	7
71	10
72	7
73	8
74	9
75	6
76	3
77	11
78	7
79	6
80	5
81	2
82	3
83	3
84	4
85	6
86	5
87	8
88	5
89	6
90	5
91	3
92	2
93	3
94	2
95	2
96	4
97	3
98	2
99	0
100	2
101	2
102	1
103	3
104	0
105	1
106	3
107	1
108	0
109	3
110	4
111	3
112	0
113	1
114	1
115	1
116	4
117	5
118	3
119	3
120	2
121	1
122	1
123	5
124	3
125	1
126	2
127	0
128	2
129	2
130	2
131	4
132	0
133	1
134	5
135	3
136	1
137	2
138	2
139	0
140	0
141	1
142	0
143	2
144	3
145	4
146	3
147	0
148	0
149	1
150	0
151	1
152	0
153	2
154	2
155	2
156	0
157	2
158	1
159	3
160	2
161	1
162	1
163	2
164	2
165	0
166	0
167	3
168	1
169	3
170	2
171	1
172	0
173	2
174	0
175	1
176	1
177	3
178	2
179	2
180	0
181	1
182	2
183	0
184	1
185	0
186	2
187	1
188	2
189	0
190	0
191	1
192	1
193	0
194	1
195	1
196	1
197	1
198	1
199	0
200	1
201	1
202	3
203	3
204	1
205	3
206	2
207	5
208	3
209	2
210	0
211	1
212	1
213	0
214	1
215	0
216	0
217	1
218	0
219	0
220	0
221	0
222	2
223	0
224	1
225	1
226	4
227	0
228	3
229	0
230	3
231	1
232	2
233	0
234	2
235	2
236	2
237	0
238	2
239	1
240	2
241	0
242	1
243	0
244	2
245	0
246	1
247	2
248	2
249	1
250	2
251	1
252	3
253	0
254	5
255	9
256	16
257	36
258	64
259	92
260	82
261	99
262	57
263	28
264	17
265	7
266	4
267	2
268	1
269	3
270	4
271	1
272	4
273	2
274	4
275	3
276	9
277	7
278	13
279	5
280	2
281	8
282	9
283	13
284	21
285	46
286	69
287	89
288	78
289	92
290	55
291	40
292	24
293	11
294	8
295	4
296	6
297	5
298	6
299	3
300	5
301	9
302	7
303	6
304	9
305	4
306	9
307	9
308	9
309	9
310	7
311	5
312	9
313	13
314	11
315	18
316	7
317	10
318	9
319	11
320	11
321	7
322	14
323	18
324	20
325	14
326	12
327	16
328	17
329	23
330	17
331	19
332	19
333	13
334	15
335	21
336	21
337	22
338	14
339	23
340	30
341	27
342	15
343	22
344	28
345	22
346	30
347	24
348	25
349	25
350	26
351	49
352	36
353	37
354	40
355	38
356	37
357	26
358	41
359	42
360	36
361	38
362	36
363	43
364	47
365	44
366	57
367	52
368	50
369	52
370	49
371	57
372	58
373	44
374	61
375	48
376	62
377	49
378	58
379	53
380	65
381	53
382	59
383	64
384	68
385	78
386	67
387	64
388	63
389	57
390	63
391	62
392	68
393	66
394	76
395	84
396	69
397	72
398	80
399	68
400	83
401	86
402	72
403	73
404	81
405	87
406	74
407	99
408	112
409	91
410	104
411	83
412	92
413	96
414	89
415	108
416	97
417	75
418	92
419	109
420	108
421	117
422	86
423	97
424	111
425	97
426	91
427	106
428	91
429	111
430	108
431	102
432	115
433	121
434	120
435	115
436	126
437	104
438	137
439	123
440	104
441	129
442	111
443	111
444	131
445	116
446	135
447	134
448	122
449	109
450	128
451	125
452	106
453	129
454	123
455	125
456	118
457	124
458	121
459	130
460	125
461	127
462	112
463	141
464	145
465	147
466	124
467	142
468	141
469	147
470	125
471	138
472	143
473	149
474	137
475	129
476	131
477	157
478	155
479	157
480	133
481	144
482	121
483	139
484	130
485	143
486	123
487	154
488	161
489	127
490	161
491	164
492	161
493	132
494	144
495	162
496	152
497	165
498	153
499	153
500	142
501	138
502	113
503	146
504	169
505	174
506	160
507	123
508	173
509	145
510	142
511	152
512	148
513	143
514	149
515	168
516	166
517	147
518	166
519	172
520	132
521	147
522	164
523	152
524	144
525	139
526	171
527	193
528	160
529	179
530	139
531	151
532	157
533	180
534	153
535	160
536	171
537	166
538	160
539	160
540	127
541	160
542	151
543	173
544	148
545	159
546	154
547	159
548	175
549	137
550	156
551	152
552	167
553	176
554	148
555	162
556	163
557	144
558	155
559	169
560	135
561	140
562	156
563	141
564	166
565	143
566	148
567	135
568	131
569	154
570	158
571	151
572	150
573	170
574	160
575	145
576	141
577	153
578	137
579	152
580	151
581	145
582	153
583	157
584	138
585	138
586	150
587	140
588	161
589	156
590	166
591	131
592	140
593	140
594	138
595	138
596	140
597	170
598	127
599	142
600	145
601	145
602	149
603	144
604	150
605	151
606	144
607	140
608	108
609	130
610	157
611	134
612	151
613	149
614	127
615	143
616	130
617	124
618	137
619	112
620	132
621	134
622	125
623	113
624	130
625	126
626	140
627	146
628	142
629	138
630	139
631	123
632	139
633	131
634	126
635	111
636	150
637	127
638	126
639	122
640	144
641	132
642	131
643	130
644	126
645	110
646	140
647	92
648	137
649	118
650	137
651	121
652	121
653	111
654	113
655	126
656	136
657	102
658	102
659	114
660	107
661	126
662	106
663	122
664	115
665	120
666	103
667	123
668	106
669	107
670	111
671	111
672	109
673	98
674	114
675	96
676	112
677	123
678	86
679	112
680	115
681	112
682	116
683	107
684	117
685	114
686	96
687	112
688	98
689	117
690	114
691	83
692	109
693	96
694	98
695	93
696	115
697	98
698	81
699	92
700	88
701	99
702	92
703	111
704	101
705	85
706	88
707	94
708	111
709	105
710	81
711	99
712	87
713	87
714	97
715	104
716	83
717	87
718	84
719	90
720	92
721	91
722	73
723	88
724	93
725	97
726	97
727	98
728	89
729	68
730	77
731	92
732	76
733	77
734	74
735	85
736	72
737	109
738	90
739	94
740	87
741	84
742	89
743	70
744	97
745	81
746	62
747	83
748	64
749	97
750	82
751	80
752	72
753	84
754	71
755	81
756	77
757	86
758	65
759	80
760	75
761	84
762	70
763	65
764	74
765	59
766	64
767	77
768	75
769	73
770	68
771	73
772	67
773	64
774	57
775	83
776	77
777	62
778	77
779	69
780	65
781	61
782	63
783	54
784	61
785	68
786	70
787	80
788	69
789	59
790	57
791	63
792	73
793	73
794	60
795	63
796	64
797	60
798	66
799	59
800	73
801	61
802	57
803	68
804	55
805	61
806	68
807	57
808	47
809	63
810	49
811	61
812	53
813	69
814	54
815	41
816	51
817	39
818	47
819	45
820	30
821	36
822	30
823	30
824	22
825	18
826	21
827	12
828	7
829	8
830	15
831	11
832	5
833	9
834	8
835	8
836	13
837	13
838	15
839	8
840	13
841	16
842	13
843	3
844	17
845	8
846	15
847	10
848	13
849	17
850	18
851	12
852	9
853	13
854	10
855	9
856	12
857	18
858	6
859	12
860	8
861	10
862	12
863	8
864	20
865	11
866	8
867	12
868	9
869	9
870	15
871	10
872	16
873	15
874	11
875	10
876	12
877	16
878	15
879	8
880	7
881	10
882	6
883	7
884	12
885	16
886	10
887	14
888	13
889	8
890	14
891	14
892	12
893	8
894	13
895	12
896	11
897	8
898	12
899	9
900	10
901	12
902	7
903	8
904	11
905	14
906	11
907	7
908	15
909	14
910	17
911	12
912	13
913	12
914	11
915	13
916	10
917	8
918	18
919	12
920	12
921	6
922	12
923	7
924	17
925	11
926	10
927	7
928	5
929	10
930	9
931	9
932	9
933	5
934	6
935	10
936	9
937	8
938	7
939	9
940	6
941	5
942	11
943	9
944	10
945	11
946	7
947	6
948	11
949	9
950	6
951	5
952	6
953	12
954	11
955	8
956	7
957	11
958	11
959	6
960	8
961	8
962	6
963	8
964	12
965	8
966	4
967	10
968	3
969	9
970	4
971	8
972	8
973	7
974	10
975	6
976	7
977	9
978	4
979	5
980	10
981	7
982	9
983	5
984	4
985	9
986	8
987	8
988	6
989	7
990	9
991	5
992	9
993	6
994	3
995	6
996	11
997	5
998	4
999	3
1000	7
1001	7
1002	7
1003	8
1004	4
1005	6
1006	8
1007	4
1008	7
1009	5
1010	5
1011	7
1012	3
1013	6
1014	9
1015	6
1016	9
1017	8
1018	4
1019	6
1020	8
1021	6
1022	6
1023	3
1024	3
1025	8
1026	3
1027	3
1028	9
1029	5
1030	7
1031	5
1032	7
1033	9
1034	5
1035	3
1036	5
1037	3
1038	7
1039	7
1040	4
1041	1
1042	1
1043	6
1044	6
1045	3
1046	5
1047	5
1048	5
1049	6
1050	5
1051	3
1052	3
1053	4
1054	3
1055	1
1056	2
1057	1
1058	6
1059	3
1060	4
1061	3
1062	0
1063	2
1064	5
1065	2
1066	3
1067	4
1068	6
1069	1
1070	3
1071	2
1072	5
1073	4
1074	2
1075	2
1076	3
1077	2
1078	3
1079	4
1080	6
1081	5
1082	3
1083	1
1084	3
1085	4
1086	6
1087	1
1088	3
1089	3
1090	5
1091	1
1092	2
1093	1
1094	2
1095	5
1096	3
1097	0
1098	1
1099	1
1100	4
1101	7
1102	4
1103	3
1104	4
1105	3
1106	2
1107	2
1108	1
1109	2
1110	4
1111	1
1112	1
1113	2
1114	5
1115	3
1116	1
1117	1
1118	1
1119	2
1120	1
1121	2
1122	0
1123	2
1124	2
1125	2
1126	0
1127	2
1128	2
1129	1
1130	1
1131	2
1132	1
1133	1
1134	3
1135	2
1136	1
1137	1
1138	0
1139	2
1140	0
1141	0
1142	1
1143	0
1144	0
1145	0
1146	0
1147	0
1148	0
1149	0
1150	0
1151	0
1152	0
1153	0
1154	0
1155	1
1156	0
1157	0
1158	0
1159	0
1160	0
1161	0
1162	0
1163	0
1164	0
1165	0
1166	0
1167	0
1168	0
1169	0
1170	0
1171	0
1172	0
1173	0
1174	0
1175	0
1176	0
1177	0
1178	0
1179	0
1180	0
1181	0
1182	0
1183	0
1184	0
1185	0
1186	0
1187	0
1188	0
1189	0
1190	0
1191	0
1192	0
1193	0
1194	0
1195	0
1196	0
1197	0
1198	0
1199	0
1200	0
1201	0
1202	0
1203	0
1204	0
1205	0
1206	0
1207	0
1208	0
1209	0
1210	0
1211	0
1212	0
1213	0
1214	0
1215	0
1216	0
1217	0
1218	0
1219	0
1220	0
1221	0
1222	0
1223	0
1224	0
1225	0
1226	0
1227	0
1228	0
1229	0
1230	0
1231	0
1232	0
1233	0
1234	0
1235	0
1236	0
1237	0
1238	0
1239	0
1240	0
1241	0
1242	0
1243	0
1244	0
1245	0
1246	0
1247	0
1248	0
1249	0
1250	0
1251	0
1252	0
1253	0
1254	0
1255	0
1256	0
1257	0
1258	0
1259	0
1260	0
1261	0
1262	0
1263	0
1264	0
1265	0
1266	0
1267	0
1268	0
1269	0
1270	0
1271	0
1272	0
1273	1
1274	0
1275	0
1276	0
1277	0
1278	0
1279	0
1280	0
1281	0
1282	0
1283	0
1284	0
1285	0
1286	0
1287	0
1288	0
1289	0
1290	0
1291	0
1292	0
1293	0
1294	0
1295	0
1296	0
1297	0
1298	0
1299	0
1300	0
1301	0
1302	0
1303	0
1304	0
1305	0
1306	0
1307	0
1308	0
1309	0
1310	0
1311	0
1312	0
1313	0
1314	0
1315	0
1316	0
1317	0
1318	0
1319	0
1320	0
1321	0
1322	0
1323	0
1324	0
1325	0
1326	0
1327	0
1328	0
1329	0
1330	0
1331	0
1332	0
1333	0
1334	0
1335	0
1336	0
1337	0
1338	0
1339	0
1340	0
1341	0
1342	0
1343	0
1344	0
1345	0
1346	0
1347	0
1348	0
1349	0
1350	0
1351	0
1352	0
1353	0
1354	0
1355	0
1356	0
1357	0
1358	0
1359	0
1360	0
1361	0
1362	0
1363	0
1364	0
1365	0
1366	0
1367	0
1368	0
1369	0
1370	0
1371	0
1372	0
1373	0
1374	0
1375	0
1376	0
1377	0
1378	0
1379	0
1380	0
1381	0
1382	0
1383	0
1384	0
1385	0
1386	0
1387	0
1388	0
1389	0
1390	0
1391	0
1392	0
1393	0
1394	0
1395	0
1396	0
1397	0
1398	0
1399	0
1400	0
1401	0
1402	0
1403	0
1404	0
1405	0
1406	0
1407	0
1408	0
1409	0
1410	0
1411	0
1412	0
1413	0
1414	0
1415	0
1416	0
1417	0
1418	0
1419	0
1420	0
1421	0
1422	0
1423	0
1424	0
1425	0
1426	0
1427	0
1428	0
1429	0
1430	0
1431	0
1432	0
1433	0
1434	0
1435	0
1436	0
1437	0
1438	0
1439	0
1440	0
1441	0
1442	0
1443	0
1444	0
1445	0
1446	0
1447	0
1448	0
1449	0
1450	0
1451	0
1452	0
1453	0
1454	0
1455	0
1456	0
1457	0
1458	0
1459	0
1460	0
1461	0
1462	0
1463	0
1464	0
1465	0
1466	0
1467	0
1468	0
1469	0
1470	0
1471	0
1472	0
1473	0
1474	0
1475	0
1476	0
1477	0
1478	0
1479	0
1480	0
1481	0
1482	0
1483	0
1484	0
1485	0
1486	0
1487	0
1488	0
1489	0
1490	0
1491	0
1492	0
1493	0
1494	0
1495	0
1496	0
1497	0
1498	0
1499	0
1500	0
1501	0
1502	0
1503	0
1504	0
1505	0
1506	0
1507	0
1508	0
1509	0
1510	0
1511	0
1512	0
1513	0
1514	0
1515	0
1516	0
1517	0
1518	0
1519	0
1520	0
1521	0
1522	0
1523	0
1524	0
1525	0
1526	0
1527	0
1528	0
1529	0
1530	0
1531	0
1532	0
1533	0
1534	0
1535	0
1536	0
1537	0
1538	0
1539	0
1540	0
1541	0
1542	0
1543	0
1544	0
1545	0
1546	0
1547	0
1548	0
1549	0
1550	0
1551	0
1552	0
1553	0
1554	0
1555	0
1556	0
1557	0
1558	0
1559	0
1560	0
1561	0
1562	0
1563	0
1564	0
1565	0
1566	0
1567	0
1568	0
1569	0
1570	0
1571	0
1572	0
1573	0
1574	0
1575	0
1576	0
1577	0
1578	0
1579	0
1580	0
1581	0
1582	0
1583	0
1584	0
1585	0
1586	0
1587	0
1588	0
1589	0
1590	0
1591	0
1592	0
1593	0
1594	0
1595	0
1596	0
1597	0
1598	0
1599	0
1600	0
1601	0
1602	0
1603	0
1604	0
1605	0
1606	0
1607	0
1608	0
1609	0
1610	0
1611	0
1612	0
1613	0
1614	0
1615	0
1616	0
1617	0
1618	0
1619	0
1620	0
1621	0
1622	0
1623	0
1624	0
1625	0
1626	0
1627	0
1628	0
1629	0
1630	0
1631	0
1632	0
1633	0
1634	0
1635	0
1636	0
1637	0
1638	0
1639	0
1640	0
1641	0
1642	0
1643	0
1644	0
1645	0
1646	0
1647	0
1648	0
1649	0
1650	0
1651	0
1652	0
1653	0
1654	0
1655	0
1656	0
1657	0
1658	0
1659	0
1660	0
1661	0
1662	0
1663	0
1664	0
1665	0
1666	0
1667	0
1668	0
1669	0
1670	0
1671	0
1672	0
1673	0
1674	0
1675	0
1676	0
1677	0
1678	0
1679	0
1680	0
1681	0
1682	0
1683	0
1684	0
1685	0
1686	0
1687	0
1688	0
1689	0
1690	0
1691	0
1692	0
1693	0
1694	0
1695	0
1696	0
1697	0
1698	0
1699	0
1700	0
1701	0
1702	0
1703	0
1704	0
1705	0
1706	0
1707	0
1708	0
1709	0
1710	0
1711	0
1712	0
1713	0
1714	0
1715	0
1716	0
1717	0
1718	0
1719	0
1720	0
1721	0
1722	0
1723	0
1724	0
1725	0
1726	0
1727	0
1728	0
1729	0
1730	0
1731	0
1732	0
1733	0
1734	0
1735	0
1736	0
1737	0
1738	0
1739	0
1740	0
1741	0
1742	0
1743	0
1744	0
1745	0
1746	0
1747	0
1748	0
1749	0
1750	0
1751	0
1752	0
1753	0
1754	0
1755	0
1756	0
1757	0
1758	0
1759	0
1760	0
1761	0
1762	0
1763	0
1764	0
1765	0
1766	0
1767	0
1768	0
1769	0
1770	0
1771	0
1772	0
1773	0
1774	0
1775	0
1776	0
1777	0
1778	0
1779	0
1780	0
1781	0
1782	0
1783	0
1784	0
1785	0
1786	0
1787	0
1788	0
1789	0
1790	0
1791	0
1792	0
1793	0
1794	0
1795	0
1796	0
1797	0
1798	0
1799	0
1800	0
1801	0
1802	0
1803	0
1804	0
1805	0
1806	0
1807	0
1808	0
1809	0
1810	0
1811	0
1812	0
1813	0
1814	0
1815	0
1816	0
1817	0
1818	0
1819	0
1820	0
1821	0
1822	0
1823	0
1824	0
1825	0
1826	0
1827	0
1828	0
1829	0
1830	0
1831	0
1832	0
1833	0
1834	0
1835	0
1836	0
1837	0
1838	0
1839	0
1840	0
1841	0
1842	0
1843	0
1844	0
1845	0
1846	0
1847	0
1848	0
1849	0
1850	0
1851	0
1852	0
1853	0
1854	0
1855	0
1856	0
1857	0
1858	0
1859	0
1860	0
1861	0
1862	0
1863	0
1864	0
1865	0
1866	0
1867	0
1868	0
1869	0
1870	0
1871	0
1872	0
1873	0
1874	0
1875	0
1876	0
1877	0
1878	0
1879	0
1880	0
1881	0
1882	0
1883	0
1884	0
1885	0
1886	0
1887	0
1888	0
1889	0
1890	0
1891	0
1892	0
1893	0
1894	0
1895	0
1896	0
1897	0
1898	0
1899	0
1900	0
1901	0
1902	0
1903	0
1904	0
1905	0
1906	0
1907	0
1908	0
1909	0
1910	0
1911	0
1912	0
1913	0
1914	0
1915	0
1916	0
1917	0
1918	0
1919	0
1920	0
1921	0
1922	0
1923	0
1924	0
1925	0
1926	0
1927	0
1928	0
1929	0
1930	0
1931	0
1932	0
1933	0
1934	0
1935	0
1936	0
1937	0
1938	0
1939	0
1940	0
1941	0
1942	0
1943	0
1944	0
1945	0
1946	0
1947	0
1948	0
1949	0
1950	0
1951	0
1952	0
1953	0
1954	0
1955	0
1956	0
1957	0
1958	0
1959	0
1960	0
1961	0
1962	0
1963	0
1964	0
1965	0
1966	0
1967	0
1968	0
1969	0
1970	0
1971	0
1972	0
1973	0
1974	0
1975	0
1976	0
1977	0
1978	0
1979	0
1980	0
1981	0
1982	0
1983	0
1984	0
1985	0
1986	0
1987	0
1988	0
1989	0
1990	0
1991	0
1992	0
1993	0
1994	0
1995	0
1996	0
1997	0
1998	0
1999	0
2000	0
2001	0
2002	0
2003	0
2004	0
2005	0
2006	0
2007	0
2008	0
2009	0
2010	0
2011	0
2012	0
2013	0
2014	0
2015	0
2016	0
2017	0
2018	0
2019	0
2020	0
2021	0
2022	0
2023	0
2024	0
2025	0
2026	0
2027	0
2028	0
2029	0
2030	0
2031	0
2032	0
2033	0
2034	0
2035	0
2036	0
2037	0
2038	0
2039	0
2040	0
2041	0
2042	0
2043	0
2044	0
2045	0
2046	0
2047	0
