Filename:  C:\Users\au576929\Documents\ExperimentalPhysics3\X-rays\Absorbanter\Day 3\Absorber4\Absorber4.mca
Description:  
TimeStamp:  11/25/2019 12:18:48

Spectral Data Information
Channel	Data
0	0
1	0
2	0
3	0
4	0
5	0
6	0
7	0
8	0
9	0
10	0
11	0
12	0
13	0
14	0
15	0
16	0
17	0
18	0
19	0
20	0
21	0
22	0
23	0
24	0
25	0
26	0
27	0
28	0
29	0
30	0
31	0
32	0
33	0
34	0
35	0
36	0
37	0
38	0
39	19
40	25
41	23
42	26
43	26
44	27
45	29
46	20
47	30
48	30
49	38
50	21
51	20
52	26
53	28
54	17
55	26
56	22
57	23
58	23
59	20
60	18
61	24
62	19
63	14
64	17
65	15
66	19
67	16
68	9
69	23
70	16
71	8
72	12
73	18
74	16
75	13
76	12
77	11
78	14
79	11
80	10
81	9
82	6
83	4
84	9
85	6
86	6
87	8
88	4
89	8
90	9
91	4
92	4
93	4
94	0
95	3
96	5
97	1
98	4
99	3
100	3
101	1
102	4
103	6
104	2
105	6
106	2
107	2
108	3
109	6
110	1
111	8
112	1
113	3
114	3
115	2
116	4
117	2
118	6
119	4
120	1
121	2
122	3
123	5
124	3
125	2
126	2
127	1
128	2
129	1
130	3
131	2
132	3
133	5
134	4
135	2
136	5
137	1
138	4
139	4
140	1
141	1
142	1
143	3
144	2
145	4
146	2
147	4
148	1
149	2
150	2
151	2
152	1
153	0
154	2
155	1
156	3
157	1
158	0
159	3
160	1
161	3
162	0
163	1
164	1
165	0
166	1
167	3
168	1
169	0
170	4
171	1
172	1
173	1
174	2
175	1
176	2
177	1
178	1
179	2
180	1
181	0
182	1
183	2
184	2
185	2
186	2
187	2
188	3
189	2
190	1
191	0
192	1
193	1
194	1
195	2
196	0
197	3
198	0
199	0
200	0
201	0
202	1
203	1
204	0
205	1
206	2
207	0
208	1
209	1
210	1
211	0
212	2
213	2
214	2
215	0
216	1
217	0
218	1
219	2
220	1
221	0
222	0
223	4
224	2
225	2
226	0
227	1
228	0
229	1
230	2
231	1
232	1
233	1
234	2
235	0
236	2
237	1
238	2
239	3
240	1
241	1
242	1
243	1
244	0
245	2
246	0
247	4
248	0
249	0
250	2
251	0
252	0
253	1
254	0
255	2
256	2
257	0
258	0
259	2
260	0
261	1
262	1
263	0
264	1
265	0
266	2
267	2
268	2
269	2
270	0
271	0
272	0
273	2
274	3
275	2
276	0
277	2
278	1
279	2
280	3
281	1
282	3
283	1
284	2
285	0
286	0
287	0
288	0
289	1
290	0
291	0
292	2
293	2
294	1
295	1
296	0
297	0
298	0
299	0
300	0
301	2
302	0
303	1
304	0
305	0
306	3
307	1
308	0
309	1
310	0
311	1
312	1
313	0
314	0
315	0
316	2
317	0
318	1
319	2
320	0
321	0
322	0
323	1
324	1
325	1
326	0
327	1
328	0
329	0
330	0
331	1
332	0
333	2
334	0
335	1
336	1
337	0
338	1
339	1
340	1
341	3
342	1
343	0
344	2
345	1
346	0
347	2
348	0
349	0
350	2
351	3
352	1
353	1
354	3
355	0
356	0
357	1
358	0
359	4
360	2
361	1
362	2
363	0
364	0
365	0
366	2
367	1
368	0
369	1
370	1
371	0
372	2
373	0
374	2
375	1
376	1
377	1
378	0
379	0
380	0
381	1
382	2
383	0
384	1
385	1
386	0
387	1
388	0
389	1
390	0
391	1
392	2
393	1
394	0
395	1
396	2
397	3
398	1
399	1
400	3
401	0
402	2
403	1
404	1
405	2
406	1
407	3
408	0
409	2
410	5
411	5
412	3
413	3
414	4
415	2
416	1
417	4
418	5
419	6
420	5
421	8
422	2
423	2
424	4
425	5
426	4
427	5
428	2
429	5
430	2
431	2
432	3
433	7
434	5
435	7
436	11
437	8
438	11
439	6
440	4
441	4
442	4
443	8
444	3
445	8
446	8
447	5
448	3
449	9
450	6
451	7
452	11
453	8
454	3
455	17
456	9
457	9
458	9
459	15
460	8
461	13
462	11
463	17
464	15
465	13
466	12
467	10
468	11
469	15
470	10
471	20
472	12
473	11
474	24
475	12
476	14
477	17
478	11
479	19
480	24
481	17
482	20
483	21
484	23
485	24
486	23
487	31
488	35
489	28
490	27
491	22
492	15
493	21
494	28
495	18
496	24
497	19
498	38
499	29
500	24
501	32
502	29
503	39
504	36
505	24
506	26
507	27
508	23
509	36
510	38
511	36
512	39
513	40
514	28
515	30
516	40
517	46
518	40
519	34
520	43
521	35
522	45
523	43
524	42
525	44
526	51
527	45
528	39
529	47
530	54
531	44
532	48
533	60
534	45
535	66
536	48
537	39
538	50
539	59
540	54
541	66
542	48
543	51
544	54
545	58
546	53
547	62
548	61
549	50
550	52
551	67
552	69
553	64
554	78
555	64
556	60
557	73
558	72
559	79
560	82
561	62
562	66
563	67
564	75
565	81
566	67
567	95
568	70
569	88
570	74
571	105
572	88
573	105
574	77
575	77
576	78
577	97
578	119
579	99
580	92
581	104
582	91
583	105
584	98
585	91
586	104
587	92
588	102
589	93
590	103
591	101
592	102
593	100
594	108
595	128
596	98
597	105
598	107
599	108
600	103
601	95
602	111
603	105
604	112
605	111
606	123
607	120
608	120
609	139
610	132
611	113
612	130
613	113
614	148
615	133
616	136
617	140
618	136
619	133
620	142
621	157
622	139
623	140
624	141
625	168
626	165
627	165
628	134
629	152
630	163
631	135
632	142
633	134
634	147
635	163
636	143
637	157
638	175
639	147
640	144
641	165
642	141
643	162
644	159
645	174
646	174
647	159
648	160
649	152
650	154
651	194
652	182
653	160
654	199
655	164
656	184
657	171
658	180
659	204
660	181
661	175
662	183
663	179
664	199
665	172
666	192
667	210
668	171
669	192
670	201
671	193
672	228
673	195
674	193
675	207
676	186
677	196
678	194
679	208
680	215
681	205
682	202
683	230
684	205
685	247
686	214
687	200
688	206
689	221
690	225
691	193
692	239
693	221
694	221
695	227
696	217
697	217
698	227
699	237
700	248
701	216
702	223
703	230
704	236
705	233
706	238
707	246
708	223
709	219
710	217
711	246
712	217
713	248
714	238
715	246
716	201
717	239
718	244
719	231
720	265
721	258
722	250
723	255
724	244
725	249
726	246
727	235
728	256
729	255
730	272
731	252
732	252
733	243
734	252
735	238
736	251
737	265
738	256
739	267
740	274
741	250
742	252
743	257
744	241
745	273
746	244
747	274
748	274
749	260
750	263
751	253
752	250
753	255
754	249
755	249
756	272
757	256
758	279
759	279
760	278
761	291
762	296
763	262
764	253
765	268
766	256
767	268
768	274
769	292
770	267
771	254
772	261
773	277
774	269
775	288
776	280
777	278
778	243
779	305
780	282
781	253
782	268
783	244
784	242
785	259
786	272
787	258
788	268
789	293
790	260
791	261
792	261
793	294
794	250
795	271
796	264
797	268
798	288
799	268
800	257
801	282
802	293
803	260
804	282
805	267
806	265
807	278
808	266
809	298
810	286
811	283
812	262
813	248
814	254
815	258
816	249
817	246
818	242
819	218
820	140
821	121
822	114
823	63
824	56
825	46
826	23
827	16
828	13
829	9
830	2
831	3
832	1
833	2
834	0
835	1
836	2
837	2
838	3
839	1
840	5
841	2
842	4
843	2
844	1
845	1
846	2
847	4
848	2
849	3
850	1
851	4
852	1
853	4
854	3
855	2
856	1
857	2
858	2
859	0
860	3
861	4
862	6
863	4
864	4
865	4
866	3
867	1
868	6
869	1
870	1
871	7
872	3
873	2
874	1
875	5
876	2
877	5
878	2
879	4
880	4
881	5
882	2
883	3
884	4
885	7
886	5
887	4
888	2
889	1
890	3
891	3
892	2
893	5
894	5
895	7
896	4
897	5
898	1
899	7
900	2
901	4
902	7
903	3
904	8
905	6
906	2
907	4
908	7
909	3
910	5
911	2
912	7
913	9
914	2
915	6
916	7
917	9
918	4
919	5
920	5
921	10
922	5
923	5
924	9
925	7
926	7
927	4
928	4
929	1
930	12
931	9
932	4
933	10
934	5
935	7
936	7
937	3
938	6
939	14
940	7
941	8
942	3
943	5
944	6
945	10
946	3
947	10
948	8
949	8
950	3
951	8
952	4
953	2
954	8
955	7
956	7
957	10
958	5
959	3
960	7
961	11
962	5
963	7
964	7
965	8
966	5
967	9
968	4
969	5
970	10
971	8
972	9
973	8
974	14
975	7
976	10
977	14
978	8
979	7
980	8
981	2
982	10
983	14
984	8
985	2
986	11
987	8
988	5
989	12
990	11
991	8
992	8
993	5
994	6
995	6
996	8
997	4
998	11
999	10
1000	6
1001	8
1002	5
1003	4
1004	3
1005	8
1006	8
1007	6
1008	7
1009	10
1010	13
1011	7
1012	8
1013	11
1014	10
1015	3
1016	4
1017	8
1018	8
1019	9
1020	4
1021	10
1022	6
1023	5
1024	9
1025	14
1026	8
1027	15
1028	9
1029	14
1030	6
1031	4
1032	12
1033	7
1034	9
1035	10
1036	7
1037	7
1038	4
1039	4
1040	8
1041	10
1042	8
1043	10
1044	13
1045	8
1046	9
1047	5
1048	7
1049	6
1050	4
1051	4
1052	11
1053	7
1054	12
1055	6
1056	5
1057	6
1058	7
1059	10
1060	7
1061	9
1062	4
1063	4
1064	8
1065	3
1066	7
1067	5
1068	8
1069	4
1070	6
1071	4
1072	7
1073	8
1074	11
1075	4
1076	5
1077	13
1078	5
1079	5
1080	9
1081	4
1082	8
1083	2
1084	6
1085	10
1086	6
1087	7
1088	10
1089	3
1090	5
1091	6
1092	5
1093	7
1094	6
1095	2
1096	6
1097	7
1098	6
1099	2
1100	5
1101	8
1102	5
1103	4
1104	6
1105	8
1106	10
1107	6
1108	4
1109	7
1110	3
1111	6
1112	11
1113	4
1114	1
1115	1
1116	4
1117	5
1118	3
1119	6
1120	3
1121	2
1122	6
1123	7
1124	5
1125	9
1126	7
1127	2
1128	2
1129	2
1130	2
1131	2
1132	1
1133	4
1134	1
1135	1
1136	2
1137	3
1138	3
1139	5
1140	1
1141	3
1142	3
1143	1
1144	6
1145	1
1146	2
1147	2
1148	0
1149	1
1150	0
1151	2
1152	1
1153	0
1154	0
1155	0
1156	0
1157	0
1158	0
1159	0
1160	0
1161	0
1162	0
1163	0
1164	0
1165	0
1166	0
1167	0
1168	0
1169	0
1170	0
1171	0
1172	0
1173	0
1174	0
1175	0
1176	0
1177	0
1178	0
1179	0
1180	0
1181	0
1182	0
1183	0
1184	0
1185	0
1186	0
1187	0
1188	0
1189	0
1190	0
1191	0
1192	0
1193	0
1194	0
1195	0
1196	0
1197	0
1198	0
1199	0
1200	0
1201	0
1202	0
1203	0
1204	0
1205	0
1206	0
1207	0
1208	0
1209	0
1210	0
1211	0
1212	0
1213	0
1214	0
1215	0
1216	0
1217	0
1218	0
1219	0
1220	0
1221	0
1222	0
1223	0
1224	0
1225	0
1226	0
1227	0
1228	0
1229	0
1230	0
1231	0
1232	0
1233	0
1234	0
1235	0
1236	0
1237	0
1238	0
1239	0
1240	0
1241	0
1242	0
1243	0
1244	0
1245	0
1246	0
1247	0
1248	0
1249	0
1250	0
1251	1
1252	0
1253	0
1254	0
1255	0
1256	0
1257	0
1258	0
1259	0
1260	0
1261	0
1262	0
1263	0
1264	0
1265	0
1266	0
1267	0
1268	0
1269	0
1270	0
1271	0
1272	0
1273	0
1274	0
1275	0
1276	0
1277	0
1278	0
1279	0
1280	0
1281	0
1282	0
1283	0
1284	0
1285	0
1286	0
1287	1
1288	0
1289	0
1290	0
1291	1
1292	0
1293	0
1294	0
1295	0
1296	0
1297	0
1298	0
1299	0
1300	0
1301	0
1302	0
1303	0
1304	0
1305	0
1306	0
1307	0
1308	0
1309	0
1310	0
1311	0
1312	0
1313	0
1314	0
1315	0
1316	0
1317	0
1318	0
1319	0
1320	0
1321	0
1322	0
1323	0
1324	0
1325	0
1326	0
1327	0
1328	0
1329	0
1330	0
1331	0
1332	0
1333	0
1334	0
1335	0
1336	0
1337	0
1338	0
1339	0
1340	0
1341	0
1342	0
1343	0
1344	0
1345	0
1346	0
1347	0
1348	0
1349	0
1350	0
1351	0
1352	0
1353	0
1354	0
1355	0
1356	0
1357	0
1358	0
1359	0
1360	0
1361	0
1362	0
1363	0
1364	0
1365	0
1366	0
1367	0
1368	0
1369	0
1370	0
1371	0
1372	0
1373	0
1374	0
1375	0
1376	0
1377	0
1378	0
1379	0
1380	0
1381	0
1382	0
1383	0
1384	0
1385	0
1386	0
1387	0
1388	0
1389	0
1390	0
1391	0
1392	0
1393	0
1394	0
1395	0
1396	0
1397	0
1398	0
1399	0
1400	0
1401	0
1402	0
1403	0
1404	0
1405	1
1406	0
1407	0
1408	0
1409	0
1410	0
1411	0
1412	0
1413	0
1414	0
1415	0
1416	0
1417	0
1418	0
1419	0
1420	0
1421	0
1422	0
1423	0
1424	0
1425	0
1426	0
1427	0
1428	0
1429	0
1430	0
1431	0
1432	0
1433	0
1434	0
1435	0
1436	0
1437	0
1438	0
1439	0
1440	0
1441	0
1442	0
1443	0
1444	0
1445	0
1446	0
1447	0
1448	0
1449	0
1450	0
1451	0
1452	0
1453	0
1454	0
1455	0
1456	0
1457	0
1458	0
1459	0
1460	0
1461	0
1462	0
1463	0
1464	0
1465	0
1466	0
1467	0
1468	0
1469	0
1470	0
1471	0
1472	0
1473	0
1474	0
1475	0
1476	0
1477	0
1478	0
1479	0
1480	0
1481	0
1482	0
1483	0
1484	0
1485	0
1486	0
1487	0
1488	0
1489	0
1490	0
1491	0
1492	0
1493	0
1494	0
1495	0
1496	0
1497	0
1498	0
1499	0
1500	0
1501	0
1502	0
1503	0
1504	0
1505	0
1506	0
1507	0
1508	0
1509	0
1510	0
1511	0
1512	0
1513	0
1514	0
1515	0
1516	0
1517	0
1518	0
1519	0
1520	0
1521	0
1522	0
1523	0
1524	0
1525	0
1526	0
1527	0
1528	0
1529	0
1530	0
1531	0
1532	0
1533	0
1534	0
1535	0
1536	0
1537	0
1538	0
1539	0
1540	0
1541	0
1542	0
1543	0
1544	0
1545	0
1546	0
1547	0
1548	0
1549	0
1550	0
1551	0
1552	0
1553	0
1554	0
1555	0
1556	0
1557	0
1558	0
1559	0
1560	0
1561	0
1562	0
1563	0
1564	0
1565	0
1566	0
1567	0
1568	0
1569	0
1570	0
1571	0
1572	0
1573	0
1574	0
1575	0
1576	0
1577	0
1578	0
1579	0
1580	0
1581	0
1582	0
1583	0
1584	0
1585	0
1586	0
1587	0
1588	0
1589	0
1590	0
1591	0
1592	0
1593	0
1594	0
1595	0
1596	0
1597	0
1598	0
1599	0
1600	0
1601	0
1602	0
1603	0
1604	0
1605	0
1606	0
1607	0
1608	0
1609	0
1610	0
1611	0
1612	0
1613	0
1614	0
1615	0
1616	0
1617	0
1618	0
1619	0
1620	0
1621	0
1622	0
1623	0
1624	0
1625	0
1626	0
1627	0
1628	0
1629	0
1630	0
1631	0
1632	0
1633	0
1634	0
1635	0
1636	0
1637	0
1638	0
1639	0
1640	0
1641	0
1642	0
1643	0
1644	0
1645	0
1646	0
1647	0
1648	0
1649	0
1650	0
1651	0
1652	0
1653	0
1654	0
1655	0
1656	0
1657	0
1658	0
1659	0
1660	0
1661	0
1662	0
1663	0
1664	0
1665	0
1666	0
1667	0
1668	0
1669	0
1670	0
1671	0
1672	0
1673	0
1674	0
1675	0
1676	0
1677	0
1678	0
1679	0
1680	0
1681	0
1682	0
1683	0
1684	0
1685	0
1686	0
1687	0
1688	0
1689	0
1690	0
1691	0
1692	0
1693	0
1694	0
1695	0
1696	0
1697	0
1698	0
1699	0
1700	0
1701	0
1702	0
1703	0
1704	0
1705	0
1706	0
1707	0
1708	0
1709	0
1710	0
1711	0
1712	0
1713	0
1714	0
1715	0
1716	0
1717	0
1718	0
1719	0
1720	1
1721	0
1722	0
1723	0
1724	0
1725	0
1726	0
1727	0
1728	0
1729	0
1730	0
1731	0
1732	0
1733	0
1734	0
1735	0
1736	0
1737	0
1738	0
1739	0
1740	0
1741	0
1742	0
1743	0
1744	0
1745	0
1746	0
1747	0
1748	0
1749	0
1750	0
1751	0
1752	0
1753	0
1754	0
1755	0
1756	0
1757	0
1758	0
1759	0
1760	0
1761	0
1762	0
1763	0
1764	0
1765	0
1766	0
1767	0
1768	0
1769	0
1770	0
1771	0
1772	0
1773	0
1774	0
1775	0
1776	0
1777	0
1778	0
1779	0
1780	0
1781	0
1782	0
1783	0
1784	0
1785	0
1786	0
1787	0
1788	0
1789	0
1790	0
1791	0
1792	0
1793	0
1794	0
1795	0
1796	0
1797	0
1798	0
1799	0
1800	0
1801	0
1802	0
1803	0
1804	0
1805	0
1806	0
1807	0
1808	0
1809	0
1810	0
1811	0
1812	0
1813	0
1814	0
1815	0
1816	0
1817	0
1818	0
1819	0
1820	0
1821	0
1822	0
1823	0
1824	0
1825	0
1826	0
1827	0
1828	0
1829	0
1830	0
1831	0
1832	0
1833	0
1834	0
1835	0
1836	0
1837	0
1838	0
1839	0
1840	0
1841	0
1842	0
1843	0
1844	0
1845	0
1846	0
1847	0
1848	0
1849	0
1850	0
1851	0
1852	0
1853	0
1854	0
1855	0
1856	0
1857	0
1858	0
1859	0
1860	0
1861	0
1862	0
1863	0
1864	0
1865	0
1866	0
1867	0
1868	0
1869	0
1870	0
1871	0
1872	0
1873	0
1874	0
1875	0
1876	0
1877	0
1878	0
1879	0
1880	0
1881	0
1882	0
1883	0
1884	0
1885	0
1886	0
1887	0
1888	0
1889	0
1890	0
1891	0
1892	0
1893	0
1894	0
1895	0
1896	0
1897	0
1898	0
1899	0
1900	0
1901	0
1902	0
1903	0
1904	0
1905	0
1906	0
1907	0
1908	0
1909	0
1910	0
1911	0
1912	0
1913	0
1914	0
1915	0
1916	0
1917	0
1918	0
1919	0
1920	0
1921	0
1922	0
1923	0
1924	0
1925	0
1926	0
1927	0
1928	0
1929	0
1930	0
1931	0
1932	0
1933	0
1934	0
1935	0
1936	0
1937	0
1938	0
1939	0
1940	0
1941	0
1942	0
1943	0
1944	0
1945	0
1946	0
1947	0
1948	0
1949	0
1950	0
1951	0
1952	0
1953	0
1954	0
1955	0
1956	0
1957	0
1958	0
1959	0
1960	0
1961	0
1962	0
1963	0
1964	0
1965	0
1966	0
1967	0
1968	0
1969	0
1970	0
1971	0
1972	0
1973	0
1974	0
1975	0
1976	0
1977	0
1978	0
1979	0
1980	0
1981	0
1982	0
1983	0
1984	0
1985	0
1986	0
1987	0
1988	0
1989	0
1990	0
1991	0
1992	0
1993	0
1994	0
1995	0
1996	0
1997	0
1998	0
1999	0
2000	0
2001	0
2002	0
2003	0
2004	0
2005	0
2006	0
2007	0
2008	0
2009	0
2010	0
2011	0
2012	0
2013	0
2014	0
2015	0
2016	0
2017	0
2018	0
2019	0
2020	0
2021	0
2022	0
2023	0
2024	0
2025	0
2026	0
2027	0
2028	0
2029	0
2030	0
2031	0
2032	0
2033	0
2034	0
2035	0
2036	0
2037	0
2038	0
2039	0
2040	0
2041	0
2042	0
2043	0
2044	0
2045	0
2046	0
2047	0
