Filename:  C:\Users\au576929\Documents\ExperimentalPhysics3\X-rays\LaueDiffraction\MgO_50degree_7,5min.mca
Description:  
TimeStamp:  11/18/2019 13:43:34

Spectral Data Information
Channel	Data
0	0
1	0
2	0
3	0
4	0
5	0
6	0
7	0
8	0
9	0
10	0
11	0
12	0
13	0
14	0
15	0
16	0
17	0
18	0
19	0
20	0
21	0
22	0
23	0
24	0
25	0
26	0
27	0
28	0
29	0
30	0
31	0
32	0
33	0
34	0
35	0
36	0
37	0
38	0
39	1
40	2
41	0
42	0
43	2
44	1
45	3
46	1
47	0
48	3
49	1
50	2
51	2
52	1
53	3
54	1
55	3
56	1
57	1
58	1
59	0
60	0
61	0
62	0
63	0
64	0
65	1
66	0
67	2
68	3
69	0
70	3
71	2
72	0
73	1
74	0
75	1
76	0
77	0
78	0
79	0
80	1
81	1
82	0
83	3
84	1
85	1
86	1
87	0
88	3
89	0
90	1
91	2
92	0
93	1
94	2
95	4
96	2
97	1
98	1
99	0
100	1
101	0
102	1
103	2
104	4
105	6
106	0
107	0
108	0
109	2
110	0
111	0
112	0
113	0
114	0
115	0
116	1
117	0
118	0
119	1
120	0
121	5
122	1
123	0
124	0
125	1
126	0
127	1
128	0
129	0
130	4
131	4
132	3
133	10
134	14
135	20
136	8
137	7
138	2
139	0
140	0
141	1
142	1
143	0
144	1
145	0
146	0
147	0
148	2
149	3
150	2
151	7
152	3
153	0
154	1
155	3
156	6
157	26
158	75
159	143
160	184
161	198
162	104
163	71
164	23
165	9
166	1
167	2
168	1
169	0
170	1
171	2
172	3
173	8
174	17
175	24
176	22
177	25
178	16
179	4
180	6
181	1
182	1
183	0
184	1
185	0
186	0
187	1
188	0
189	5
190	4
191	2
192	1
193	3
194	0
195	2
196	0
197	4
198	3
199	0
200	4
201	6
202	25
203	77
204	217
205	380
206	564
207	685
208	584
209	388
210	198
211	80
212	34
213	12
214	6
215	3
216	2
217	1
218	4
219	2
220	1
221	4
222	2
223	9
224	13
225	41
226	69
227	86
228	102
229	89
230	72
231	34
232	14
233	7
234	6
235	5
236	4
237	1
238	4
239	5
240	6
241	6
242	7
243	3
244	5
245	7
246	10
247	13
248	17
249	23
250	38
251	46
252	59
253	89
254	100
255	153
256	189
257	299
258	441
259	507
260	548
261	445
262	334
263	200
264	155
265	221
266	375
267	604
268	757
269	737
270	654
271	449
272	271
273	109
274	59
275	21
276	23
277	23
278	15
279	26
280	27
281	47
282	27
283	37
284	32
285	45
286	35
287	46
288	43
289	24
290	25
291	16
292	6
293	7
294	1
295	1
296	3
297	0
298	5
299	2
300	2
301	0
302	2
303	4
304	3
305	3
306	4
307	3
308	3
309	1
310	1
311	2
312	1
313	6
314	1
315	2
316	4
317	3
318	1
319	4
320	0
321	2
322	3
323	0
324	0
325	5
326	4
327	4
328	3
329	4
330	2
331	6
332	5
333	3
334	4
335	4
336	2
337	5
338	2
339	5
340	3
341	3
342	0
343	8
344	3
345	5
346	6
347	10
348	3
349	2
350	6
351	4
352	7
353	2
354	7
355	5
356	6
357	5
358	5
359	3
360	8
361	4
362	8
363	6
364	6
365	4
366	3
367	9
368	11
369	3
370	2
371	6
372	9
373	7
374	8
375	9
376	6
377	14
378	6
379	6
380	4
381	11
382	12
383	8
384	9
385	6
386	10
387	9
388	23
389	13
390	10
391	16
392	11
393	7
394	14
395	13
396	31
397	48
398	52
399	108
400	150
401	201
402	257
403	211
404	181
405	147
406	101
407	72
408	37
409	25
410	14
411	15
412	10
413	11
414	6
415	5
416	6
417	11
418	11
419	5
420	13
421	8
422	7
423	14
424	4
425	6
426	9
427	7
428	7
429	6
430	12
431	11
432	7
433	6
434	6
435	11
436	10
437	3
438	3
439	9
440	12
441	4
442	9
443	7
444	8
445	3
446	9
447	4
448	6
449	5
450	5
451	13
452	6
453	8
454	10
455	8
456	7
457	8
458	9
459	4
460	5
461	2
462	10
463	12
464	9
465	12
466	5
467	9
468	4
469	9
470	6
471	6
472	6
473	4
474	7
475	9
476	6
477	7
478	14
479	11
480	13
481	16
482	6
483	11
484	7
485	11
486	7
487	6
488	11
489	11
490	12
491	11
492	10
493	11
494	15
495	8
496	4
497	7
498	5
499	6
500	5
501	14
502	7
503	13
504	1
505	17
506	13
507	18
508	11
509	7
510	17
511	15
512	13
513	12
514	11
515	10
516	8
517	12
518	10
519	11
520	10
521	13
522	7
523	17
524	9
525	13
526	15
527	10
528	16
529	22
530	24
531	34
532	44
533	58
534	56
535	90
536	82
537	73
538	78
539	59
540	48
541	31
542	20
543	18
544	20
545	7
546	11
547	14
548	24
549	13
550	11
551	11
552	10
553	11
554	7
555	17
556	13
557	10
558	5
559	10
560	9
561	8
562	8
563	8
564	8
565	12
566	5
567	15
568	12
569	9
570	10
571	8
572	8
573	12
574	10
575	10
576	8
577	16
578	14
579	8
580	9
581	8
582	13
583	11
584	9
585	5
586	7
587	10
588	7
589	7
590	9
591	14
592	9
593	17
594	9
595	9
596	10
597	9
598	3
599	9
600	9
601	15
602	9
603	6
604	7
605	9
606	3
607	8
608	6
609	4
610	10
611	4
612	10
613	7
614	12
615	9
616	15
617	10
618	7
619	7
620	10
621	7
622	12
623	22
624	5
625	5
626	11
627	12
628	5
629	7
630	12
631	6
632	4
633	6
634	6
635	9
636	8
637	10
638	7
639	9
640	10
641	2
642	7
643	8
644	9
645	12
646	9
647	8
648	7
649	6
650	4
651	6
652	13
653	10
654	9
655	13
656	8
657	12
658	11
659	8
660	8
661	7
662	11
663	15
664	14
665	11
666	28
667	28
668	37
669	32
670	37
671	28
672	27
673	23
674	19
675	6
676	10
677	10
678	7
679	9
680	7
681	8
682	13
683	9
684	5
685	6
686	6
687	7
688	13
689	5
690	11
691	4
692	7
693	5
694	10
695	6
696	8
697	6
698	8
699	8
700	4
701	6
702	10
703	10
704	9
705	8
706	3
707	9
708	5
709	5
710	10
711	7
712	7
713	8
714	5
715	10
716	6
717	4
718	4
719	5
720	6
721	9
722	6
723	13
724	7
725	9
726	7
727	10
728	5
729	3
730	8
731	5
732	5
733	5
734	4
735	7
736	8
737	9
738	10
739	5
740	5
741	7
742	6
743	2
744	3
745	5
746	4
747	4
748	4
749	10
750	9
751	6
752	9
753	5
754	6
755	6
756	6
757	10
758	9
759	5
760	10
761	6
762	6
763	9
764	8
765	6
766	5
767	5
768	8
769	10
770	5
771	3
772	5
773	6
774	5
775	6
776	6
777	9
778	6
779	4
780	4
781	3
782	4
783	7
784	7
785	2
786	5
787	9
788	2
789	7
790	5
791	3
792	7
793	7
794	7
795	6
796	6
797	7
798	6
799	9
800	8
801	7
802	15
803	8
804	11
805	12
806	6
807	9
808	4
809	9
810	6
811	8
812	7
813	6
814	3
815	5
816	5
817	5
818	4
819	3
820	7
821	6
822	6
823	1
824	7
825	4
826	6
827	8
828	4
829	2
830	4
831	4
832	3
833	4
834	2
835	1
836	0
837	2
838	6
839	3
840	1
841	5
842	2
843	2
844	4
845	3
846	3
847	2
848	4
849	2
850	6
851	2
852	3
853	3
854	2
855	2
856	5
857	4
858	4
859	2
860	1
861	2
862	2
863	5
864	3
865	4
866	5
867	4
868	4
869	1
870	6
871	1
872	1
873	2
874	1
875	3
876	2
877	3
878	5
879	6
880	2
881	3
882	3
883	4
884	4
885	1
886	3
887	0
888	4
889	5
890	2
891	3
892	3
893	6
894	4
895	1
896	2
897	4
898	5
899	1
900	5
901	5
902	4
903	3
904	3
905	2
906	5
907	2
908	2
909	1
910	3
911	5
912	4
913	4
914	3
915	5
916	4
917	2
918	3
919	4
920	0
921	1
922	3
923	3
924	4
925	3
926	2
927	1
928	2
929	4
930	1
931	4
932	5
933	7
934	2
935	2
936	4
937	2
938	5
939	6
940	3
941	3
942	1
943	0
944	0
945	1
946	0
947	4
948	1
949	2
950	5
951	1
952	2
953	1
954	2
955	6
956	1
957	0
958	2
959	3
960	0
961	5
962	0
963	1
964	1
965	1
966	3
967	1
968	4
969	0
970	1
971	2
972	1
973	0
974	2
975	1
976	2
977	1
978	2
979	0
980	0
981	2
982	1
983	1
984	3
985	0
986	1
987	0
988	2
989	1
990	0
991	0
992	2
993	2
994	3
995	1
996	1
997	2
998	2
999	0
1000	1
1001	1
1002	0
1003	1
1004	1
1005	2
1006	1
1007	4
1008	0
1009	0
1010	2
1011	0
1012	2
1013	0
1014	3
1015	1
1016	0
1017	1
1018	1
1019	1
1020	1
1021	1
1022	0
1023	1
1024	1
1025	0
1026	1
1027	1
1028	0
1029	0
1030	0
1031	5
1032	0
1033	1
1034	2
1035	0
1036	2
1037	0
1038	0
1039	1
1040	1
1041	0
1042	0
1043	1
1044	2
1045	0
1046	0
1047	0
1048	1
1049	0
1050	1
1051	1
1052	0
1053	1
1054	2
1055	0
1056	0
1057	0
1058	0
1059	1
1060	0
1061	0
1062	1
1063	0
1064	0
1065	0
1066	0
1067	0
1068	0
1069	0
1070	0
1071	1
1072	0
1073	0
1074	1
1075	0
1076	2
1077	0
1078	0
1079	1
1080	0
1081	0
1082	0
1083	0
1084	0
1085	0
1086	0
1087	0
1088	0
1089	0
1090	0
1091	0
1092	0
1093	0
1094	0
1095	0
1096	0
1097	0
1098	1
1099	0
1100	0
1101	0
1102	0
1103	0
1104	0
1105	0
1106	0
1107	0
1108	0
1109	0
1110	0
1111	0
1112	1
1113	0
1114	0
1115	0
1116	0
1117	0
1118	0
1119	0
1120	0
1121	0
1122	0
1123	0
1124	0
1125	0
1126	0
1127	0
1128	0
1129	0
1130	0
1131	0
1132	0
1133	0
1134	0
1135	0
1136	0
1137	0
1138	0
1139	0
1140	0
1141	0
1142	0
1143	0
1144	0
1145	0
1146	0
1147	0
1148	0
1149	0
1150	0
1151	0
1152	0
1153	0
1154	0
1155	0
1156	0
1157	0
1158	0
1159	0
1160	0
1161	0
1162	0
1163	0
1164	0
1165	0
1166	0
1167	0
1168	0
1169	0
1170	0
1171	0
1172	0
1173	0
1174	0
1175	0
1176	0
1177	0
1178	0
1179	0
1180	0
1181	0
1182	0
1183	0
1184	0
1185	0
1186	0
1187	0
1188	0
1189	0
1190	0
1191	0
1192	0
1193	0
1194	0
1195	0
1196	0
1197	0
1198	0
1199	0
1200	0
1201	0
1202	0
1203	0
1204	0
1205	0
1206	0
1207	0
1208	0
1209	0
1210	0
1211	0
1212	0
1213	0
1214	0
1215	0
1216	0
1217	0
1218	0
1219	0
1220	0
1221	0
1222	0
1223	0
1224	0
1225	0
1226	0
1227	0
1228	0
1229	0
1230	0
1231	0
1232	0
1233	0
1234	0
1235	0
1236	0
1237	0
1238	0
1239	0
1240	0
1241	0
1242	0
1243	0
1244	0
1245	0
1246	0
1247	0
1248	0
1249	0
1250	0
1251	0
1252	0
1253	0
1254	0
1255	0
1256	0
1257	0
1258	0
1259	0
1260	0
1261	0
1262	0
1263	0
1264	0
1265	0
1266	0
1267	0
1268	0
1269	0
1270	0
1271	0
1272	0
1273	0
1274	0
1275	0
1276	0
1277	0
1278	0
1279	0
1280	0
1281	0
1282	0
1283	0
1284	0
1285	0
1286	0
1287	0
1288	0
1289	0
1290	0
1291	0
1292	0
1293	0
1294	0
1295	0
1296	0
1297	0
1298	0
1299	0
1300	0
1301	0
1302	0
1303	0
1304	0
1305	0
1306	0
1307	0
1308	0
1309	0
1310	0
1311	0
1312	0
1313	0
1314	0
1315	0
1316	0
1317	0
1318	0
1319	0
1320	0
1321	0
1322	0
1323	0
1324	0
1325	0
1326	0
1327	0
1328	0
1329	0
1330	0
1331	0
1332	0
1333	0
1334	0
1335	0
1336	0
1337	0
1338	0
1339	0
1340	0
1341	0
1342	0
1343	0
1344	0
1345	0
1346	0
1347	0
1348	0
1349	0
1350	0
1351	0
1352	0
1353	0
1354	0
1355	0
1356	0
1357	0
1358	0
1359	0
1360	0
1361	0
1362	0
1363	0
1364	0
1365	0
1366	0
1367	0
1368	0
1369	0
1370	0
1371	0
1372	0
1373	0
1374	0
1375	0
1376	0
1377	0
1378	0
1379	0
1380	0
1381	0
1382	0
1383	0
1384	0
1385	0
1386	0
1387	0
1388	0
1389	0
1390	0
1391	0
1392	0
1393	0
1394	0
1395	0
1396	0
1397	0
1398	0
1399	0
1400	0
1401	0
1402	0
1403	0
1404	0
1405	0
1406	0
1407	0
1408	0
1409	0
1410	0
1411	0
1412	0
1413	0
1414	0
1415	0
1416	0
1417	0
1418	0
1419	0
1420	0
1421	0
1422	0
1423	0
1424	0
1425	0
1426	0
1427	0
1428	0
1429	0
1430	0
1431	0
1432	0
1433	0
1434	0
1435	0
1436	0
1437	0
1438	0
1439	0
1440	0
1441	0
1442	0
1443	0
1444	0
1445	0
1446	0
1447	0
1448	0
1449	0
1450	0
1451	0
1452	0
1453	0
1454	0
1455	0
1456	0
1457	0
1458	0
1459	0
1460	0
1461	0
1462	0
1463	0
1464	0
1465	0
1466	0
1467	0
1468	0
1469	0
1470	0
1471	0
1472	0
1473	0
1474	0
1475	0
1476	0
1477	0
1478	0
1479	0
1480	0
1481	0
1482	0
1483	0
1484	0
1485	0
1486	0
1487	0
1488	0
1489	0
1490	0
1491	0
1492	0
1493	0
1494	0
1495	0
1496	0
1497	0
1498	0
1499	0
1500	0
1501	0
1502	0
1503	0
1504	0
1505	0
1506	0
1507	0
1508	0
1509	0
1510	0
1511	0
1512	0
1513	0
1514	0
1515	0
1516	0
1517	0
1518	0
1519	0
1520	0
1521	0
1522	0
1523	0
1524	0
1525	0
1526	0
1527	0
1528	0
1529	0
1530	0
1531	0
1532	0
1533	0
1534	0
1535	0
1536	0
1537	0
1538	0
1539	0
1540	0
1541	0
1542	0
1543	0
1544	0
1545	0
1546	0
1547	0
1548	0
1549	0
1550	0
1551	0
1552	0
1553	0
1554	0
1555	0
1556	0
1557	0
1558	0
1559	0
1560	0
1561	0
1562	0
1563	0
1564	0
1565	0
1566	0
1567	0
1568	0
1569	0
1570	0
1571	0
1572	0
1573	0
1574	0
1575	0
1576	0
1577	0
1578	0
1579	0
1580	0
1581	0
1582	0
1583	0
1584	0
1585	0
1586	0
1587	0
1588	0
1589	0
1590	0
1591	0
1592	0
1593	0
1594	0
1595	0
1596	0
1597	1
1598	0
1599	0
1600	0
1601	0
1602	0
1603	0
1604	0
1605	0
1606	0
1607	0
1608	0
1609	0
1610	0
1611	0
1612	0
1613	0
1614	0
1615	0
1616	0
1617	0
1618	0
1619	0
1620	0
1621	0
1622	0
1623	0
1624	0
1625	0
1626	0
1627	0
1628	0
1629	0
1630	0
1631	0
1632	0
1633	0
1634	0
1635	0
1636	0
1637	0
1638	0
1639	0
1640	0
1641	0
1642	0
1643	0
1644	0
1645	0
1646	0
1647	0
1648	0
1649	0
1650	0
1651	0
1652	0
1653	0
1654	0
1655	0
1656	0
1657	0
1658	0
1659	0
1660	0
1661	0
1662	0
1663	0
1664	0
1665	0
1666	0
1667	0
1668	0
1669	0
1670	0
1671	0
1672	0
1673	0
1674	0
1675	0
1676	0
1677	0
1678	0
1679	0
1680	0
1681	0
1682	0
1683	0
1684	0
1685	0
1686	0
1687	0
1688	0
1689	0
1690	0
1691	0
1692	0
1693	0
1694	0
1695	0
1696	0
1697	0
1698	0
1699	0
1700	0
1701	0
1702	0
1703	0
1704	0
1705	0
1706	0
1707	0
1708	0
1709	0
1710	0
1711	0
1712	0
1713	0
1714	0
1715	0
1716	0
1717	0
1718	0
1719	0
1720	0
1721	0
1722	0
1723	0
1724	0
1725	0
1726	0
1727	0
1728	0
1729	0
1730	0
1731	0
1732	0
1733	0
1734	0
1735	0
1736	0
1737	0
1738	0
1739	0
1740	0
1741	0
1742	0
1743	0
1744	0
1745	0
1746	0
1747	0
1748	0
1749	0
1750	0
1751	0
1752	0
1753	0
1754	0
1755	0
1756	0
1757	0
1758	0
1759	0
1760	0
1761	0
1762	0
1763	0
1764	0
1765	0
1766	0
1767	0
1768	0
1769	0
1770	0
1771	0
1772	0
1773	0
1774	0
1775	0
1776	0
1777	0
1778	0
1779	0
1780	0
1781	0
1782	0
1783	0
1784	0
1785	0
1786	0
1787	0
1788	0
1789	0
1790	0
1791	0
1792	0
1793	0
1794	0
1795	0
1796	0
1797	0
1798	0
1799	0
1800	0
1801	0
1802	0
1803	0
1804	0
1805	0
1806	0
1807	0
1808	0
1809	0
1810	0
1811	0
1812	0
1813	0
1814	0
1815	1
1816	0
1817	0
1818	0
1819	0
1820	0
1821	0
1822	0
1823	0
1824	0
1825	0
1826	0
1827	0
1828	0
1829	0
1830	0
1831	0
1832	0
1833	0
1834	0
1835	0
1836	0
1837	0
1838	0
1839	0
1840	0
1841	0
1842	0
1843	0
1844	0
1845	0
1846	0
1847	0
1848	0
1849	0
1850	0
1851	0
1852	0
1853	0
1854	0
1855	0
1856	0
1857	0
1858	0
1859	0
1860	0
1861	0
1862	0
1863	0
1864	0
1865	0
1866	0
1867	0
1868	0
1869	0
1870	0
1871	0
1872	0
1873	0
1874	0
1875	0
1876	0
1877	0
1878	0
1879	0
1880	0
1881	0
1882	0
1883	0
1884	0
1885	0
1886	0
1887	0
1888	0
1889	0
1890	0
1891	0
1892	0
1893	0
1894	0
1895	0
1896	0
1897	0
1898	0
1899	0
1900	0
1901	0
1902	0
1903	0
1904	0
1905	0
1906	0
1907	0
1908	0
1909	0
1910	0
1911	0
1912	0
1913	0
1914	0
1915	0
1916	0
1917	0
1918	0
1919	0
1920	0
1921	0
1922	0
1923	0
1924	0
1925	0
1926	0
1927	0
1928	0
1929	0
1930	0
1931	0
1932	0
1933	0
1934	0
1935	0
1936	0
1937	0
1938	0
1939	0
1940	0
1941	0
1942	0
1943	0
1944	0
1945	0
1946	0
1947	0
1948	0
1949	0
1950	0
1951	0
1952	0
1953	0
1954	0
1955	0
1956	0
1957	0
1958	0
1959	0
1960	0
1961	0
1962	0
1963	0
1964	0
1965	0
1966	0
1967	0
1968	0
1969	0
1970	0
1971	0
1972	0
1973	0
1974	0
1975	0
1976	0
1977	0
1978	0
1979	0
1980	0
1981	0
1982	0
1983	0
1984	0
1985	0
1986	0
1987	0
1988	0
1989	0
1990	0
1991	0
1992	0
1993	0
1994	0
1995	0
1996	0
1997	0
1998	0
1999	0
2000	0
2001	0
2002	0
2003	0
2004	0
2005	0
2006	0
2007	0
2008	0
2009	0
2010	0
2011	0
2012	0
2013	0
2014	0
2015	0
2016	0
2017	0
2018	0
2019	0
2020	0
2021	0
2022	0
2023	0
2024	0
2025	0
2026	0
2027	0
2028	0
2029	0
2030	0
2031	0
2032	0
2033	0
2034	0
2035	0
2036	0
2037	0
2038	0
2039	0
2040	0
2041	0
2042	0
2043	0
2044	0
2045	0
2046	0
2047	0
