Filename:  C:\Users\au576929\Documents\ExperimentalPhysics3\X-rays\LaueDiffraction\Si_45degree_15min.mca
Description:  
TimeStamp:  11/18/2019 13:08:41

Spectral Data Information
Channel	Data
0	0
1	0
2	0
3	0
4	0
5	0
6	0
7	0
8	0
9	0
10	0
11	0
12	0
13	0
14	0
15	0
16	0
17	0
18	0
19	0
20	0
21	0
22	0
23	0
24	0
25	0
26	0
27	0
28	0
29	0
30	0
31	0
32	0
33	0
34	0
35	0
36	0
37	0
38	0
39	1
40	1
41	1
42	0
43	3
44	1
45	0
46	1
47	0
48	2
49	0
50	1
51	0
52	2
53	4
54	6
55	18
56	42
57	55
58	39
59	13
60	7
61	5
62	1
63	0
64	0
65	0
66	0
67	0
68	2
69	1
70	1
71	1
72	2
73	2
74	3
75	1
76	1
77	1
78	2
79	3
80	0
81	1
82	0
83	0
84	1
85	1
86	2
87	0
88	0
89	1
90	1
91	1
92	1
93	1
94	0
95	2
96	3
97	1
98	0
99	0
100	1
101	0
102	1
103	3
104	0
105	1
106	0
107	1
108	0
109	0
110	1
111	0
112	1
113	0
114	0
115	0
116	0
117	0
118	1
119	0
120	0
121	0
122	0
123	0
124	1
125	0
126	0
127	0
128	0
129	1
130	0
131	2
132	0
133	1
134	0
135	0
136	1
137	0
138	0
139	0
140	0
141	0
142	0
143	1
144	0
145	0
146	1
147	2
148	2
149	3
150	1
151	0
152	1
153	0
154	1
155	1
156	0
157	0
158	0
159	0
160	1
161	0
162	0
163	0
164	0
165	0
166	0
167	1
168	0
169	0
170	0
171	0
172	2
173	0
174	0
175	0
176	1
177	0
178	0
179	0
180	1
181	2
182	1
183	0
184	1
185	1
186	1
187	1
188	0
189	1
190	1
191	5
192	1
193	5
194	4
195	2
196	1
197	2
198	1
199	4
200	7
201	10
202	40
203	71
204	174
205	245
206	321
207	269
208	233
209	118
210	40
211	15
212	12
213	1
214	1
215	4
216	4
217	5
218	3
219	1
220	1
221	3
222	3
223	3
224	3
225	3
226	3
227	3
228	3
229	5
230	0
231	2
232	2
233	2
234	3
235	4
236	4
237	3
238	3
239	4
240	9
241	6
242	3
243	3
244	11
245	9
246	12
247	20
248	19
249	42
250	35
251	40
252	60
253	73
254	87
255	74
256	93
257	93
258	90
259	107
260	96
261	79
262	48
263	24
264	21
265	9
266	6
267	4
268	8
269	5
270	8
271	5
272	5
273	8
274	13
275	11
276	11
277	5
278	19
279	19
280	12
281	9
282	31
283	21
284	25
285	24
286	20
287	24
288	14
289	9
290	10
291	5
292	7
293	3
294	2
295	4
296	0
297	4
298	0
299	3
300	1
301	1
302	3
303	1
304	4
305	3
306	0
307	2
308	2
309	6
310	2
311	3
312	1
313	5
314	3
315	2
316	2
317	1
318	1
319	3
320	4
321	1
322	2
323	2
324	5
325	3
326	7
327	4
328	2
329	3
330	1
331	1
332	5
333	4
334	4
335	4
336	3
337	10
338	7
339	4
340	4
341	6
342	3
343	4
344	7
345	1
346	2
347	5
348	4
349	5
350	5
351	5
352	6
353	6
354	4
355	5
356	4
357	6
358	6
359	7
360	7
361	4
362	4
363	6
364	5
365	5
366	4
367	6
368	6
369	4
370	5
371	9
372	5
373	7
374	6
375	5
376	8
377	6
378	11
379	5
380	12
381	8
382	8
383	8
384	9
385	7
386	9
387	11
388	7
389	12
390	9
391	14
392	9
393	9
394	11
395	16
396	19
397	9
398	10
399	19
400	11
401	15
402	19
403	17
404	22
405	28
406	23
407	38
408	65
409	77
410	83
411	89
412	99
413	65
414	65
415	42
416	31
417	20
418	12
419	17
420	23
421	21
422	15
423	8
424	13
425	6
426	14
427	11
428	14
429	11
430	11
431	11
432	14
433	10
434	12
435	13
436	13
437	11
438	7
439	10
440	7
441	16
442	15
443	11
444	13
445	7
446	10
447	7
448	7
449	8
450	9
451	6
452	13
453	6
454	13
455	8
456	7
457	9
458	6
459	9
460	5
461	11
462	10
463	10
464	7
465	6
466	8
467	5
468	12
469	9
470	8
471	8
472	11
473	12
474	6
475	6
476	10
477	6
478	12
479	10
480	11
481	10
482	11
483	10
484	11
485	7
486	6
487	10
488	11
489	10
490	6
491	15
492	10
493	5
494	4
495	6
496	8
497	6
498	11
499	14
500	14
501	15
502	7
503	8
504	7
505	6
506	17
507	11
508	8
509	12
510	7
511	8
512	5
513	10
514	5
515	13
516	9
517	9
518	8
519	8
520	12
521	7
522	12
523	13
524	10
525	11
526	8
527	15
528	14
529	10
530	12
531	10
532	12
533	9
534	16
535	10
536	6
537	13
538	9
539	11
540	13
541	7
542	5
543	10
544	8
545	5
546	13
547	18
548	11
549	12
550	13
551	10
552	11
553	14
554	9
555	11
556	9
557	8
558	14
559	10
560	15
561	7
562	6
563	11
564	14
565	12
566	10
567	14
568	8
569	14
570	13
571	7
572	12
573	9
574	15
575	9
576	10
577	14
578	9
579	13
580	6
581	6
582	12
583	16
584	12
585	14
586	8
587	15
588	7
589	12
590	8
591	12
592	13
593	8
594	15
595	9
596	8
597	11
598	14
599	13
600	15
601	18
602	12
603	12
604	12
605	14
606	12
607	11
608	11
609	16
610	11
611	12
612	20
613	14
614	20
615	18
616	25
617	19
618	27
619	18
620	17
621	12
622	14
623	15
624	11
625	13
626	12
627	14
628	8
629	12
630	11
631	11
632	14
633	11
634	9
635	7
636	7
637	8
638	8
639	8
640	7
641	15
642	7
643	10
644	7
645	6
646	8
647	10
648	9
649	13
650	7
651	7
652	8
653	12
654	15
655	7
656	14
657	8
658	14
659	10
660	13
661	4
662	16
663	9
664	13
665	11
666	9
667	10
668	13
669	12
670	9
671	9
672	6
673	6
674	6
675	9
676	13
677	12
678	14
679	7
680	9
681	9
682	8
683	6
684	9
685	8
686	10
687	11
688	10
689	5
690	13
691	9
692	9
693	10
694	10
695	8
696	5
697	5
698	9
699	11
700	9
701	7
702	12
703	8
704	10
705	8
706	6
707	6
708	7
709	10
710	11
711	6
712	7
713	5
714	6
715	7
716	14
717	9
718	10
719	5
720	9
721	8
722	12
723	5
724	15
725	8
726	9
727	9
728	11
729	4
730	4
731	13
732	6
733	5
734	10
735	11
736	10
737	7
738	11
739	9
740	4
741	5
742	6
743	8
744	6
745	5
746	4
747	12
748	3
749	13
750	15
751	10
752	8
753	6
754	10
755	5
756	8
757	9
758	8
759	12
760	8
761	5
762	13
763	5
764	7
765	9
766	5
767	12
768	9
769	6
770	9
771	6
772	2
773	8
774	5
775	4
776	6
777	9
778	17
779	11
780	5
781	9
782	5
783	9
784	7
785	5
786	4
787	3
788	5
789	4
790	7
791	5
792	3
793	2
794	9
795	8
796	7
797	5
798	5
799	3
800	8
801	5
802	4
803	6
804	5
805	5
806	6
807	7
808	2
809	9
810	3
811	1
812	2
813	8
814	8
815	3
816	8
817	10
818	5
819	8
820	5
821	4
822	5
823	4
824	2
825	8
826	8
827	10
828	7
829	6
830	5
831	4
832	6
833	7
834	12
835	5
836	3
837	4
838	3
839	3
840	8
841	5
842	7
843	6
844	4
845	5
846	4
847	2
848	3
849	2
850	5
851	6
852	3
853	7
854	5
855	4
856	4
857	2
858	10
859	3
860	5
861	9
862	3
863	4
864	4
865	6
866	5
867	7
868	2
869	3
870	4
871	7
872	4
873	6
874	2
875	3
876	3
877	4
878	0
879	4
880	3
881	3
882	3
883	5
884	4
885	7
886	6
887	3
888	4
889	3
890	3
891	3
892	2
893	3
894	5
895	4
896	5
897	5
898	3
899	3
900	3
901	2
902	2
903	7
904	1
905	4
906	4
907	1
908	7
909	2
910	2
911	1
912	4
913	1
914	4
915	2
916	5
917	2
918	2
919	5
920	3
921	2
922	3
923	0
924	4
925	3
926	4
927	2
928	2
929	4
930	6
931	1
932	2
933	4
934	5
935	2
936	2
937	7
938	0
939	1
940	3
941	0
942	1
943	2
944	3
945	2
946	2
947	5
948	2
949	1
950	1
951	4
952	3
953	1
954	1
955	5
956	4
957	4
958	0
959	3
960	2
961	3
962	5
963	3
964	1
965	0
966	4
967	3
968	3
969	4
970	6
971	2
972	1
973	2
974	1
975	4
976	4
977	0
978	4
979	2
980	5
981	1
982	3
983	3
984	3
985	2
986	2
987	1
988	0
989	3
990	1
991	3
992	3
993	4
994	4
995	4
996	3
997	1
998	1
999	0
1000	4
1001	3
1002	1
1003	2
1004	2
1005	3
1006	2
1007	1
1008	2
1009	0
1010	2
1011	1
1012	0
1013	1
1014	5
1015	1
1016	1
1017	3
1018	0
1019	2
1020	0
1021	2
1022	3
1023	1
1024	2
1025	1
1026	2
1027	1
1028	1
1029	1
1030	0
1031	1
1032	1
1033	1
1034	1
1035	1
1036	1
1037	0
1038	3
1039	3
1040	1
1041	1
1042	0
1043	0
1044	1
1045	1
1046	1
1047	2
1048	1
1049	1
1050	2
1051	0
1052	0
1053	0
1054	1
1055	1
1056	0
1057	1
1058	0
1059	0
1060	0
1061	0
1062	0
1063	1
1064	0
1065	0
1066	0
1067	0
1068	0
1069	0
1070	1
1071	0
1072	0
1073	1
1074	0
1075	0
1076	1
1077	0
1078	0
1079	0
1080	0
1081	0
1082	0
1083	1
1084	2
1085	0
1086	1
1087	0
1088	0
1089	0
1090	0
1091	0
1092	0
1093	0
1094	0
1095	0
1096	0
1097	0
1098	0
1099	0
1100	0
1101	0
1102	0
1103	0
1104	1
1105	0
1106	0
1107	0
1108	0
1109	0
1110	0
1111	0
1112	0
1113	0
1114	0
1115	0
1116	0
1117	0
1118	0
1119	0
1120	0
1121	0
1122	0
1123	0
1124	0
1125	0
1126	0
1127	0
1128	0
1129	0
1130	0
1131	0
1132	0
1133	0
1134	0
1135	0
1136	0
1137	0
1138	0
1139	0
1140	0
1141	0
1142	0
1143	0
1144	0
1145	0
1146	0
1147	0
1148	0
1149	0
1150	0
1151	0
1152	0
1153	0
1154	0
1155	0
1156	0
1157	0
1158	0
1159	0
1160	0
1161	0
1162	0
1163	0
1164	0
1165	0
1166	0
1167	0
1168	0
1169	0
1170	0
1171	0
1172	0
1173	0
1174	0
1175	0
1176	0
1177	0
1178	0
1179	0
1180	0
1181	0
1182	0
1183	0
1184	0
1185	0
1186	0
1187	0
1188	0
1189	0
1190	0
1191	0
1192	0
1193	0
1194	0
1195	0
1196	0
1197	0
1198	0
1199	0
1200	0
1201	0
1202	0
1203	0
1204	0
1205	0
1206	0
1207	0
1208	0
1209	0
1210	0
1211	0
1212	0
1213	0
1214	0
1215	0
1216	0
1217	0
1218	0
1219	0
1220	0
1221	0
1222	0
1223	0
1224	0
1225	0
1226	0
1227	0
1228	0
1229	0
1230	0
1231	0
1232	0
1233	0
1234	0
1235	0
1236	0
1237	0
1238	0
1239	0
1240	0
1241	0
1242	0
1243	0
1244	0
1245	0
1246	0
1247	0
1248	0
1249	0
1250	0
1251	0
1252	0
1253	0
1254	0
1255	0
1256	0
1257	0
1258	0
1259	0
1260	0
1261	0
1262	0
1263	0
1264	0
1265	0
1266	0
1267	0
1268	0
1269	0
1270	0
1271	0
1272	0
1273	0
1274	0
1275	0
1276	0
1277	0
1278	0
1279	0
1280	0
1281	0
1282	0
1283	0
1284	0
1285	0
1286	0
1287	0
1288	0
1289	0
1290	0
1291	0
1292	0
1293	0
1294	0
1295	0
1296	0
1297	0
1298	0
1299	0
1300	0
1301	0
1302	0
1303	0
1304	0
1305	0
1306	0
1307	0
1308	0
1309	0
1310	0
1311	0
1312	0
1313	0
1314	0
1315	0
1316	0
1317	0
1318	0
1319	0
1320	0
1321	0
1322	0
1323	0
1324	0
1325	0
1326	0
1327	0
1328	0
1329	0
1330	0
1331	0
1332	0
1333	0
1334	0
1335	0
1336	0
1337	0
1338	0
1339	0
1340	0
1341	0
1342	0
1343	0
1344	0
1345	0
1346	0
1347	0
1348	0
1349	0
1350	0
1351	0
1352	0
1353	0
1354	0
1355	0
1356	0
1357	0
1358	0
1359	0
1360	0
1361	0
1362	0
1363	0
1364	0
1365	0
1366	0
1367	0
1368	0
1369	0
1370	0
1371	0
1372	0
1373	0
1374	0
1375	0
1376	0
1377	0
1378	0
1379	0
1380	0
1381	0
1382	0
1383	0
1384	0
1385	0
1386	0
1387	0
1388	0
1389	0
1390	0
1391	0
1392	0
1393	0
1394	0
1395	0
1396	0
1397	0
1398	0
1399	0
1400	0
1401	0
1402	0
1403	0
1404	0
1405	0
1406	0
1407	0
1408	0
1409	0
1410	0
1411	0
1412	0
1413	0
1414	0
1415	0
1416	0
1417	0
1418	0
1419	0
1420	0
1421	0
1422	0
1423	0
1424	0
1425	0
1426	0
1427	0
1428	0
1429	0
1430	0
1431	0
1432	0
1433	0
1434	0
1435	0
1436	0
1437	0
1438	0
1439	0
1440	0
1441	0
1442	0
1443	0
1444	0
1445	0
1446	0
1447	0
1448	0
1449	0
1450	0
1451	0
1452	0
1453	0
1454	0
1455	0
1456	0
1457	0
1458	0
1459	0
1460	0
1461	0
1462	0
1463	0
1464	0
1465	0
1466	0
1467	0
1468	0
1469	0
1470	0
1471	0
1472	0
1473	0
1474	0
1475	0
1476	0
1477	0
1478	0
1479	0
1480	0
1481	0
1482	0
1483	0
1484	0
1485	0
1486	0
1487	0
1488	0
1489	0
1490	0
1491	0
1492	0
1493	0
1494	0
1495	0
1496	0
1497	0
1498	0
1499	0
1500	0
1501	0
1502	0
1503	0
1504	0
1505	0
1506	0
1507	0
1508	0
1509	0
1510	0
1511	0
1512	0
1513	0
1514	0
1515	0
1516	0
1517	0
1518	0
1519	0
1520	0
1521	0
1522	0
1523	0
1524	0
1525	0
1526	0
1527	0
1528	0
1529	0
1530	0
1531	0
1532	0
1533	0
1534	0
1535	0
1536	0
1537	0
1538	0
1539	0
1540	0
1541	0
1542	0
1543	0
1544	0
1545	0
1546	0
1547	0
1548	0
1549	0
1550	0
1551	0
1552	0
1553	0
1554	0
1555	0
1556	0
1557	0
1558	0
1559	0
1560	0
1561	0
1562	0
1563	0
1564	0
1565	0
1566	0
1567	0
1568	0
1569	0
1570	0
1571	0
1572	0
1573	0
1574	0
1575	0
1576	0
1577	0
1578	0
1579	0
1580	0
1581	0
1582	0
1583	0
1584	0
1585	0
1586	0
1587	0
1588	0
1589	0
1590	0
1591	0
1592	0
1593	0
1594	0
1595	0
1596	0
1597	0
1598	0
1599	0
1600	0
1601	0
1602	0
1603	0
1604	0
1605	0
1606	0
1607	0
1608	0
1609	0
1610	0
1611	0
1612	0
1613	0
1614	0
1615	0
1616	0
1617	0
1618	0
1619	0
1620	0
1621	0
1622	0
1623	0
1624	0
1625	0
1626	0
1627	0
1628	0
1629	0
1630	0
1631	0
1632	0
1633	0
1634	0
1635	0
1636	0
1637	0
1638	0
1639	0
1640	0
1641	0
1642	0
1643	0
1644	0
1645	0
1646	0
1647	0
1648	0
1649	0
1650	0
1651	0
1652	0
1653	0
1654	0
1655	0
1656	0
1657	0
1658	0
1659	0
1660	0
1661	0
1662	0
1663	0
1664	0
1665	0
1666	0
1667	0
1668	1
1669	0
1670	0
1671	0
1672	0
1673	0
1674	0
1675	0
1676	0
1677	0
1678	0
1679	0
1680	0
1681	0
1682	0
1683	0
1684	0
1685	0
1686	0
1687	0
1688	0
1689	0
1690	0
1691	0
1692	0
1693	0
1694	0
1695	0
1696	0
1697	0
1698	0
1699	0
1700	0
1701	0
1702	0
1703	0
1704	0
1705	0
1706	0
1707	0
1708	0
1709	0
1710	0
1711	0
1712	0
1713	0
1714	0
1715	0
1716	0
1717	0
1718	0
1719	0
1720	0
1721	0
1722	0
1723	0
1724	0
1725	0
1726	0
1727	0
1728	0
1729	0
1730	0
1731	0
1732	0
1733	0
1734	0
1735	0
1736	0
1737	0
1738	0
1739	0
1740	0
1741	0
1742	0
1743	0
1744	0
1745	0
1746	0
1747	0
1748	0
1749	0
1750	0
1751	0
1752	0
1753	0
1754	0
1755	0
1756	0
1757	0
1758	0
1759	0
1760	0
1761	0
1762	0
1763	0
1764	0
1765	0
1766	0
1767	0
1768	0
1769	0
1770	0
1771	0
1772	0
1773	0
1774	0
1775	0
1776	0
1777	0
1778	0
1779	0
1780	0
1781	0
1782	0
1783	0
1784	0
1785	0
1786	0
1787	0
1788	0
1789	0
1790	0
1791	0
1792	0
1793	0
1794	0
1795	0
1796	0
1797	0
1798	0
1799	0
1800	0
1801	0
1802	1
1803	0
1804	0
1805	0
1806	0
1807	0
1808	0
1809	0
1810	0
1811	0
1812	0
1813	0
1814	0
1815	0
1816	0
1817	0
1818	0
1819	0
1820	0
1821	0
1822	0
1823	0
1824	0
1825	0
1826	0
1827	0
1828	0
1829	0
1830	0
1831	0
1832	0
1833	0
1834	0
1835	0
1836	0
1837	0
1838	0
1839	0
1840	0
1841	0
1842	0
1843	0
1844	0
1845	0
1846	0
1847	0
1848	0
1849	0
1850	0
1851	0
1852	0
1853	0
1854	0
1855	0
1856	0
1857	0
1858	0
1859	0
1860	0
1861	0
1862	0
1863	0
1864	0
1865	0
1866	0
1867	0
1868	0
1869	0
1870	0
1871	0
1872	0
1873	0
1874	0
1875	0
1876	0
1877	0
1878	0
1879	0
1880	0
1881	0
1882	0
1883	0
1884	0
1885	0
1886	0
1887	0
1888	0
1889	0
1890	0
1891	0
1892	0
1893	0
1894	0
1895	0
1896	0
1897	0
1898	0
1899	0
1900	0
1901	0
1902	0
1903	0
1904	0
1905	0
1906	0
1907	0
1908	0
1909	0
1910	0
1911	0
1912	0
1913	0
1914	0
1915	0
1916	0
1917	0
1918	0
1919	0
1920	0
1921	0
1922	0
1923	0
1924	0
1925	0
1926	0
1927	0
1928	0
1929	0
1930	0
1931	0
1932	0
1933	0
1934	0
1935	0
1936	0
1937	0
1938	0
1939	0
1940	0
1941	0
1942	0
1943	0
1944	0
1945	0
1946	0
1947	0
1948	0
1949	0
1950	0
1951	0
1952	0
1953	0
1954	0
1955	0
1956	0
1957	0
1958	0
1959	0
1960	0
1961	0
1962	0
1963	0
1964	0
1965	0
1966	0
1967	0
1968	0
1969	0
1970	0
1971	0
1972	0
1973	0
1974	0
1975	0
1976	0
1977	0
1978	0
1979	0
1980	0
1981	0
1982	0
1983	0
1984	0
1985	0
1986	0
1987	0
1988	0
1989	0
1990	0
1991	0
1992	0
1993	0
1994	0
1995	0
1996	0
1997	0
1998	0
1999	0
2000	0
2001	0
2002	0
2003	0
2004	0
2005	0
2006	0
2007	0
2008	0
2009	0
2010	0
2011	0
2012	0
2013	0
2014	0
2015	0
2016	0
2017	0
2018	0
2019	0
2020	0
2021	0
2022	0
2023	0
2024	0
2025	0
2026	0
2027	0
2028	0
2029	0
2030	0
2031	0
2032	0
2033	0
2034	0
2035	0
2036	0
2037	0
2038	0
2039	0
2040	0
2041	0
2042	0
2043	0
2044	0
2045	0
2046	0
2047	0
