Filename:  C:\Users\au576929\Documents\ExperimentalPhysics3\X-rays\LaueDiffraction\Si_50degree_15min.mca
Description:  
TimeStamp:  11/18/2019 13:26:10

Spectral Data Information
Channel	Data
0	0
1	0
2	0
3	0
4	0
5	0
6	0
7	0
8	0
9	0
10	0
11	0
12	0
13	0
14	0
15	0
16	0
17	0
18	0
19	0
20	0
21	0
22	0
23	0
24	0
25	0
26	0
27	0
28	0
29	0
30	0
31	0
32	0
33	0
34	0
35	0
36	0
37	0
38	0
39	2
40	2
41	0
42	1
43	0
44	2
45	2
46	3
47	0
48	1
49	4
50	1
51	1
52	1
53	0
54	7
55	23
56	34
57	38
58	23
59	19
60	1
61	3
62	2
63	1
64	1
65	0
66	0
67	4
68	1
69	0
70	1
71	0
72	0
73	0
74	0
75	0
76	0
77	1
78	0
79	1
80	2
81	1
82	0
83	0
84	0
85	0
86	0
87	1
88	3
89	0
90	1
91	1
92	1
93	0
94	2
95	2
96	3
97	3
98	0
99	0
100	1
101	0
102	0
103	0
104	1
105	0
106	0
107	0
108	0
109	0
110	0
111	1
112	0
113	0
114	0
115	1
116	0
117	1
118	0
119	0
120	1
121	0
122	0
123	1
124	0
125	0
126	0
127	0
128	0
129	0
130	0
131	2
132	1
133	2
134	0
135	0
136	0
137	0
138	0
139	0
140	1
141	0
142	0
143	0
144	0
145	0
146	0
147	0
148	0
149	0
150	0
151	0
152	1
153	0
154	0
155	1
156	0
157	0
158	0
159	0
160	0
161	1
162	1
163	0
164	1
165	1
166	0
167	1
168	0
169	0
170	1
171	0
172	1
173	1
174	1
175	0
176	1
177	1
178	0
179	1
180	0
181	0
182	0
183	2
184	0
185	0
186	0
187	1
188	0
189	0
190	1
191	0
192	0
193	4
194	1
195	0
196	1
197	0
198	1
199	1
200	1
201	0
202	1
203	1
204	0
205	0
206	2
207	1
208	4
209	1
210	7
211	2
212	1
213	0
214	0
215	1
216	1
217	0
218	2
219	4
220	1
221	1
222	2
223	3
224	1
225	2
226	3
227	1
228	5
229	1
230	2
231	1
232	0
233	1
234	5
235	4
236	6
237	4
238	3
239	2
240	6
241	1
242	5
243	9
244	3
245	8
246	12
247	15
248	15
249	23
250	26
251	44
252	43
253	64
254	61
255	70
256	86
257	83
258	119
259	109
260	116
261	90
262	67
263	42
264	17
265	4
266	1
267	2
268	8
269	1
270	10
271	5
272	2
273	7
274	8
275	5
276	3
277	10
278	21
279	11
280	10
281	23
282	30
283	23
284	26
285	17
286	26
287	27
288	15
289	19
290	19
291	10
292	3
293	3
294	3
295	2
296	2
297	5
298	4
299	5
300	0
301	1
302	2
303	1
304	1
305	2
306	0
307	0
308	0
309	2
310	4
311	2
312	2
313	3
314	4
315	1
316	4
317	2
318	4
319	3
320	3
321	5
322	4
323	3
324	4
325	4
326	0
327	1
328	4
329	3
330	4
331	6
332	4
333	4
334	7
335	3
336	1
337	3
338	5
339	2
340	1
341	5
342	4
343	5
344	6
345	1
346	4
347	6
348	8
349	3
350	4
351	6
352	4
353	10
354	3
355	4
356	4
357	5
358	2
359	5
360	10
361	8
362	5
363	5
364	5
365	9
366	6
367	2
368	11
369	9
370	6
371	6
372	2
373	7
374	2
375	7
376	5
377	3
378	3
379	3
380	9
381	6
382	6
383	7
384	7
385	7
386	6
387	2
388	7
389	3
390	12
391	5
392	10
393	4
394	4
395	4
396	5
397	5
398	6
399	7
400	7
401	8
402	13
403	14
404	6
405	6
406	7
407	8
408	7
409	7
410	4
411	15
412	8
413	9
414	10
415	9
416	5
417	3
418	8
419	5
420	4
421	4
422	9
423	12
424	6
425	6
426	7
427	9
428	6
429	4
430	11
431	10
432	11
433	7
434	8
435	8
436	8
437	7
438	9
439	10
440	5
441	8
442	9
443	3
444	6
445	19
446	16
447	20
448	23
449	23
450	16
451	13
452	12
453	8
454	18
455	8
456	12
457	11
458	13
459	9
460	8
461	10
462	7
463	8
464	9
465	8
466	6
467	8
468	12
469	9
470	10
471	6
472	9
473	14
474	7
475	6
476	9
477	8
478	4
479	12
480	9
481	16
482	8
483	15
484	8
485	10
486	9
487	5
488	11
489	12
490	9
491	8
492	6
493	7
494	14
495	7
496	9
497	8
498	10
499	7
500	10
501	8
502	11
503	11
504	6
505	11
506	10
507	8
508	8
509	4
510	6
511	10
512	8
513	9
514	10
515	5
516	6
517	9
518	9
519	9
520	10
521	9
522	9
523	12
524	6
525	7
526	9
527	5
528	14
529	11
530	11
531	5
532	10
533	9
534	11
535	13
536	10
537	15
538	10
539	10
540	13
541	4
542	8
543	5
544	7
545	4
546	5
547	17
548	7
549	9
550	8
551	7
552	13
553	11
554	11
555	8
556	10
557	16
558	16
559	14
560	11
561	14
562	13
563	17
564	8
565	10
566	11
567	14
568	13
569	14
570	6
571	8
572	17
573	10
574	9
575	6
576	4
577	12
578	9
579	12
580	10
581	11
582	4
583	7
584	14
585	11
586	7
587	15
588	4
589	6
590	13
591	10
592	11
593	10
594	5
595	8
596	6
597	5
598	10
599	14
600	6
601	8
602	5
603	5
604	10
605	6
606	5
607	6
608	9
609	8
610	12
611	10
612	7
613	11
614	7
615	7
616	10
617	9
618	10
619	7
620	7
621	6
622	5
623	11
624	8
625	9
626	7
627	12
628	4
629	12
630	6
631	5
632	17
633	7
634	7
635	6
636	6
637	11
638	5
639	9
640	5
641	11
642	9
643	6
644	7
645	4
646	9
647	5
648	7
649	10
650	8
651	3
652	8
653	3
654	4
655	7
656	11
657	11
658	7
659	5
660	5
661	13
662	4
663	8
664	15
665	10
666	3
667	5
668	4
669	12
670	7
671	7
672	16
673	10
674	6
675	12
676	11
677	5
678	8
679	10
680	5
681	9
682	5
683	7
684	4
685	6
686	5
687	4
688	10
689	8
690	2
691	9
692	7
693	6
694	8
695	8
696	7
697	2
698	6
699	9
700	6
701	10
702	10
703	5
704	8
705	7
706	11
707	3
708	10
709	2
710	17
711	11
712	3
713	2
714	7
715	6
716	5
717	1
718	5
719	10
720	2
721	6
722	4
723	7
724	7
725	10
726	9
727	7
728	9
729	11
730	6
731	11
732	6
733	13
734	3
735	7
736	4
737	5
738	4
739	4
740	6
741	7
742	5
743	7
744	6
745	3
746	3
747	10
748	8
749	8
750	2
751	3
752	3
753	5
754	10
755	5
756	6
757	6
758	7
759	5
760	6
761	5
762	9
763	8
764	1
765	1
766	3
767	6
768	5
769	6
770	9
771	2
772	4
773	9
774	9
775	9
776	4
777	5
778	8
779	2
780	5
781	2
782	12
783	4
784	5
785	7
786	7
787	8
788	10
789	6
790	4
791	4
792	6
793	2
794	6
795	5
796	3
797	4
798	3
799	4
800	4
801	6
802	4
803	5
804	5
805	6
806	1
807	4
808	5
809	4
810	1
811	5
812	6
813	6
814	2
815	6
816	7
817	2
818	4
819	2
820	5
821	4
822	6
823	4
824	3
825	2
826	6
827	7
828	3
829	1
830	3
831	6
832	6
833	4
834	5
835	4
836	7
837	3
838	2
839	6
840	7
841	3
842	5
843	5
844	3
845	3
846	4
847	5
848	6
849	1
850	3
851	2
852	3
853	4
854	2
855	7
856	7
857	2
858	5
859	0
860	4
861	4
862	1
863	3
864	2
865	3
866	3
867	2
868	5
869	1
870	0
871	4
872	1
873	3
874	6
875	3
876	6
877	6
878	2
879	0
880	1
881	5
882	3
883	4
884	1
885	2
886	7
887	5
888	2
889	6
890	3
891	2
892	4
893	1
894	4
895	2
896	5
897	6
898	4
899	2
900	4
901	3
902	5
903	4
904	4
905	6
906	0
907	0
908	3
909	2
910	1
911	0
912	4
913	1
914	5
915	2
916	6
917	1
918	2
919	3
920	1
921	1
922	2
923	5
924	2
925	1
926	1
927	0
928	1
929	3
930	0
931	0
932	3
933	0
934	3
935	1
936	1
937	2
938	3
939	2
940	2
941	4
942	2
943	2
944	4
945	4
946	3
947	3
948	1
949	2
950	1
951	1
952	7
953	2
954	0
955	2
956	0
957	2
958	4
959	2
960	1
961	1
962	2
963	2
964	0
965	2
966	2
967	0
968	1
969	2
970	0
971	2
972	1
973	1
974	1
975	2
976	3
977	2
978	2
979	2
980	1
981	0
982	1
983	5
984	4
985	1
986	3
987	1
988	0
989	2
990	0
991	1
992	0
993	1
994	0
995	0
996	1
997	0
998	0
999	0
1000	1
1001	3
1002	1
1003	1
1004	1
1005	1
1006	1
1007	1
1008	3
1009	0
1010	0
1011	1
1012	0
1013	3
1014	1
1015	0
1016	1
1017	1
1018	0
1019	0
1020	0
1021	1
1022	0
1023	1
1024	0
1025	3
1026	0
1027	3
1028	1
1029	0
1030	0
1031	1
1032	0
1033	1
1034	1
1035	1
1036	0
1037	1
1038	1
1039	1
1040	3
1041	1
1042	0
1043	0
1044	0
1045	1
1046	0
1047	0
1048	1
1049	0
1050	0
1051	0
1052	0
1053	0
1054	1
1055	0
1056	1
1057	0
1058	0
1059	0
1060	0
1061	0
1062	0
1063	0
1064	0
1065	0
1066	0
1067	0
1068	1
1069	0
1070	0
1071	0
1072	0
1073	0
1074	2
1075	1
1076	0
1077	0
1078	0
1079	0
1080	0
1081	0
1082	0
1083	0
1084	0
1085	1
1086	0
1087	0
1088	0
1089	0
1090	0
1091	0
1092	1
1093	0
1094	0
1095	0
1096	0
1097	0
1098	0
1099	0
1100	0
1101	0
1102	0
1103	0
1104	0
1105	0
1106	0
1107	0
1108	1
1109	0
1110	0
1111	0
1112	0
1113	0
1114	0
1115	0
1116	0
1117	0
1118	0
1119	0
1120	0
1121	0
1122	0
1123	0
1124	0
1125	0
1126	0
1127	0
1128	1
1129	0
1130	0
1131	0
1132	0
1133	0
1134	0
1135	0
1136	0
1137	0
1138	0
1139	0
1140	0
1141	0
1142	0
1143	0
1144	0
1145	0
1146	0
1147	0
1148	0
1149	0
1150	1
1151	0
1152	0
1153	0
1154	0
1155	0
1156	0
1157	0
1158	0
1159	0
1160	0
1161	0
1162	0
1163	0
1164	0
1165	0
1166	0
1167	0
1168	0
1169	0
1170	0
1171	0
1172	0
1173	0
1174	0
1175	0
1176	0
1177	0
1178	0
1179	0
1180	0
1181	0
1182	0
1183	0
1184	0
1185	0
1186	0
1187	0
1188	0
1189	0
1190	0
1191	0
1192	0
1193	0
1194	0
1195	0
1196	0
1197	0
1198	0
1199	0
1200	0
1201	0
1202	0
1203	0
1204	0
1205	0
1206	0
1207	0
1208	0
1209	0
1210	0
1211	0
1212	0
1213	0
1214	0
1215	0
1216	0
1217	0
1218	0
1219	0
1220	0
1221	0
1222	0
1223	0
1224	0
1225	0
1226	0
1227	0
1228	0
1229	0
1230	0
1231	0
1232	0
1233	0
1234	0
1235	0
1236	0
1237	0
1238	0
1239	0
1240	0
1241	0
1242	0
1243	0
1244	0
1245	0
1246	0
1247	0
1248	0
1249	0
1250	0
1251	0
1252	0
1253	0
1254	0
1255	0
1256	0
1257	0
1258	0
1259	0
1260	0
1261	0
1262	0
1263	0
1264	0
1265	0
1266	0
1267	0
1268	0
1269	0
1270	0
1271	0
1272	0
1273	0
1274	0
1275	0
1276	0
1277	0
1278	0
1279	0
1280	0
1281	0
1282	0
1283	0
1284	0
1285	0
1286	0
1287	0
1288	0
1289	0
1290	0
1291	0
1292	0
1293	0
1294	0
1295	0
1296	0
1297	0
1298	0
1299	0
1300	0
1301	0
1302	0
1303	0
1304	0
1305	0
1306	0
1307	0
1308	0
1309	0
1310	0
1311	0
1312	0
1313	0
1314	0
1315	0
1316	0
1317	0
1318	0
1319	0
1320	0
1321	0
1322	0
1323	0
1324	0
1325	0
1326	0
1327	0
1328	0
1329	0
1330	0
1331	0
1332	0
1333	0
1334	0
1335	0
1336	0
1337	0
1338	0
1339	0
1340	0
1341	0
1342	0
1343	0
1344	0
1345	0
1346	0
1347	0
1348	0
1349	0
1350	0
1351	0
1352	0
1353	0
1354	0
1355	0
1356	0
1357	0
1358	0
1359	0
1360	0
1361	0
1362	0
1363	0
1364	0
1365	0
1366	0
1367	0
1368	0
1369	0
1370	0
1371	0
1372	0
1373	0
1374	0
1375	0
1376	0
1377	0
1378	0
1379	0
1380	0
1381	0
1382	0
1383	0
1384	0
1385	0
1386	0
1387	0
1388	0
1389	0
1390	0
1391	0
1392	0
1393	0
1394	0
1395	0
1396	0
1397	0
1398	0
1399	0
1400	0
1401	0
1402	0
1403	0
1404	0
1405	0
1406	0
1407	0
1408	0
1409	0
1410	0
1411	0
1412	0
1413	0
1414	0
1415	0
1416	0
1417	0
1418	0
1419	0
1420	0
1421	0
1422	0
1423	0
1424	0
1425	0
1426	0
1427	0
1428	0
1429	0
1430	0
1431	0
1432	0
1433	0
1434	0
1435	0
1436	0
1437	0
1438	0
1439	0
1440	0
1441	0
1442	0
1443	0
1444	0
1445	0
1446	0
1447	0
1448	0
1449	0
1450	0
1451	0
1452	0
1453	0
1454	0
1455	0
1456	0
1457	0
1458	0
1459	0
1460	0
1461	0
1462	0
1463	0
1464	0
1465	0
1466	0
1467	0
1468	0
1469	0
1470	0
1471	0
1472	0
1473	0
1474	0
1475	0
1476	0
1477	0
1478	0
1479	0
1480	0
1481	0
1482	0
1483	0
1484	0
1485	0
1486	0
1487	0
1488	0
1489	0
1490	0
1491	0
1492	0
1493	0
1494	0
1495	0
1496	0
1497	0
1498	0
1499	0
1500	0
1501	0
1502	0
1503	0
1504	0
1505	0
1506	0
1507	0
1508	0
1509	0
1510	0
1511	0
1512	0
1513	0
1514	0
1515	0
1516	0
1517	0
1518	0
1519	0
1520	0
1521	0
1522	0
1523	0
1524	0
1525	0
1526	0
1527	0
1528	0
1529	0
1530	0
1531	0
1532	0
1533	0
1534	0
1535	0
1536	0
1537	0
1538	0
1539	0
1540	0
1541	0
1542	0
1543	0
1544	0
1545	0
1546	0
1547	0
1548	0
1549	0
1550	0
1551	0
1552	0
1553	0
1554	0
1555	0
1556	0
1557	0
1558	0
1559	0
1560	0
1561	0
1562	0
1563	0
1564	0
1565	0
1566	0
1567	0
1568	0
1569	0
1570	0
1571	0
1572	0
1573	0
1574	0
1575	0
1576	0
1577	0
1578	0
1579	0
1580	0
1581	0
1582	0
1583	0
1584	0
1585	0
1586	0
1587	0
1588	0
1589	0
1590	0
1591	0
1592	0
1593	0
1594	0
1595	0
1596	0
1597	0
1598	0
1599	0
1600	0
1601	0
1602	0
1603	0
1604	0
1605	0
1606	0
1607	0
1608	0
1609	0
1610	0
1611	0
1612	0
1613	0
1614	0
1615	0
1616	0
1617	0
1618	0
1619	0
1620	0
1621	0
1622	0
1623	0
1624	0
1625	0
1626	0
1627	0
1628	0
1629	0
1630	0
1631	0
1632	0
1633	0
1634	0
1635	0
1636	0
1637	0
1638	0
1639	0
1640	0
1641	0
1642	0
1643	0
1644	0
1645	0
1646	0
1647	0
1648	0
1649	0
1650	0
1651	0
1652	0
1653	0
1654	0
1655	0
1656	0
1657	0
1658	0
1659	0
1660	0
1661	0
1662	0
1663	0
1664	0
1665	0
1666	0
1667	0
1668	0
1669	0
1670	0
1671	0
1672	0
1673	0
1674	0
1675	0
1676	0
1677	0
1678	0
1679	0
1680	0
1681	0
1682	0
1683	0
1684	0
1685	0
1686	0
1687	0
1688	0
1689	0
1690	0
1691	0
1692	0
1693	0
1694	0
1695	0
1696	0
1697	0
1698	0
1699	0
1700	1
1701	0
1702	0
1703	0
1704	0
1705	0
1706	0
1707	0
1708	0
1709	0
1710	0
1711	0
1712	0
1713	0
1714	0
1715	0
1716	0
1717	0
1718	0
1719	0
1720	0
1721	0
1722	0
1723	0
1724	0
1725	0
1726	0
1727	0
1728	0
1729	0
1730	0
1731	0
1732	0
1733	0
1734	0
1735	0
1736	0
1737	0
1738	0
1739	0
1740	0
1741	0
1742	0
1743	0
1744	0
1745	0
1746	0
1747	0
1748	0
1749	0
1750	0
1751	0
1752	0
1753	0
1754	0
1755	0
1756	0
1757	0
1758	0
1759	0
1760	0
1761	0
1762	0
1763	0
1764	0
1765	0
1766	0
1767	0
1768	0
1769	0
1770	0
1771	0
1772	0
1773	0
1774	0
1775	0
1776	0
1777	0
1778	0
1779	0
1780	0
1781	0
1782	0
1783	0
1784	0
1785	0
1786	0
1787	0
1788	0
1789	0
1790	0
1791	0
1792	0
1793	0
1794	0
1795	0
1796	0
1797	0
1798	0
1799	0
1800	0
1801	0
1802	0
1803	0
1804	0
1805	0
1806	0
1807	0
1808	0
1809	0
1810	0
1811	0
1812	0
1813	0
1814	0
1815	0
1816	0
1817	0
1818	0
1819	0
1820	0
1821	0
1822	0
1823	0
1824	0
1825	0
1826	0
1827	0
1828	0
1829	0
1830	0
1831	0
1832	0
1833	0
1834	0
1835	0
1836	0
1837	0
1838	0
1839	0
1840	0
1841	0
1842	0
1843	0
1844	0
1845	0
1846	0
1847	0
1848	0
1849	0
1850	0
1851	0
1852	0
1853	0
1854	0
1855	0
1856	0
1857	0
1858	0
1859	0
1860	0
1861	0
1862	0
1863	0
1864	0
1865	0
1866	0
1867	0
1868	0
1869	0
1870	0
1871	0
1872	0
1873	0
1874	0
1875	0
1876	0
1877	0
1878	0
1879	0
1880	0
1881	0
1882	0
1883	0
1884	0
1885	0
1886	0
1887	0
1888	0
1889	0
1890	0
1891	0
1892	0
1893	0
1894	0
1895	0
1896	0
1897	0
1898	0
1899	0
1900	0
1901	0
1902	0
1903	0
1904	0
1905	0
1906	0
1907	0
1908	0
1909	0
1910	0
1911	0
1912	0
1913	0
1914	0
1915	0
1916	0
1917	0
1918	0
1919	0
1920	0
1921	0
1922	0
1923	0
1924	0
1925	0
1926	0
1927	0
1928	0
1929	0
1930	0
1931	0
1932	0
1933	0
1934	0
1935	0
1936	0
1937	0
1938	0
1939	0
1940	0
1941	0
1942	0
1943	0
1944	0
1945	0
1946	0
1947	0
1948	0
1949	0
1950	0
1951	0
1952	0
1953	0
1954	0
1955	0
1956	0
1957	0
1958	0
1959	0
1960	0
1961	0
1962	0
1963	0
1964	0
1965	0
1966	0
1967	0
1968	0
1969	0
1970	0
1971	0
1972	0
1973	0
1974	0
1975	0
1976	0
1977	0
1978	0
1979	0
1980	0
1981	0
1982	0
1983	0
1984	0
1985	0
1986	0
1987	0
1988	0
1989	0
1990	0
1991	0
1992	0
1993	0
1994	0
1995	0
1996	0
1997	0
1998	0
1999	0
2000	0
2001	0
2002	0
2003	0
2004	0
2005	0
2006	0
2007	0
2008	0
2009	0
2010	0
2011	0
2012	0
2013	0
2014	0
2015	0
2016	0
2017	0
2018	0
2019	0
2020	0
2021	0
2022	0
2023	0
2024	0
2025	0
2026	0
2027	0
2028	0
2029	0
2030	0
2031	0
2032	0
2033	0
2034	0
2035	0
2036	0
2037	0
2038	0
2039	0
2040	0
2041	0
2042	0
2043	0
2044	0
2045	0
2046	0
2047	0
