Filename:  C:\Users\au576929\Documents\ExperimentalPhysics3\X-rays\Absorbanter\Absorber3.mca
Description:  
TimeStamp:  11/11/2019 13:36:44

Spectral Data Information
Channel	Data
0	0
1	0
2	0
3	0
4	0
5	0
6	0
7	0
8	0
9	0
10	0
11	0
12	0
13	0
14	0
15	0
16	0
17	0
18	0
19	0
20	0
21	0
22	0
23	0
24	0
25	0
26	0
27	0
28	0
29	0
30	0
31	0
32	0
33	0
34	0
35	0
36	0
37	0
38	0
39	2
40	2
41	3
42	5
43	4
44	3
45	1
46	5
47	5
48	1
49	3
50	2
51	1
52	3
53	4
54	3
55	2
56	1
57	4
58	5
59	3
60	3
61	5
62	3
63	6
64	4
65	1
66	7
67	2
68	1
69	2
70	7
71	3
72	2
73	2
74	2
75	3
76	1
77	4
78	3
79	2
80	3
81	0
82	3
83	0
84	3
85	2
86	4
87	2
88	0
89	5
90	1
91	3
92	1
93	2
94	1
95	0
96	1
97	0
98	0
99	0
100	4
101	0
102	0
103	3
104	2
105	2
106	0
107	0
108	2
109	0
110	1
111	2
112	0
113	0
114	1
115	1
116	2
117	1
118	1
119	0
120	0
121	1
122	1
123	0
124	1
125	2
126	3
127	0
128	0
129	0
130	1
131	0
132	0
133	1
134	0
135	0
136	0
137	1
138	1
139	2
140	0
141	1
142	1
143	0
144	0
145	1
146	1
147	1
148	1
149	0
150	0
151	0
152	0
153	0
154	1
155	0
156	0
157	0
158	1
159	0
160	0
161	0
162	1
163	0
164	0
165	0
166	1
167	1
168	0
169	0
170	0
171	0
172	0
173	0
174	1
175	0
176	0
177	0
178	0
179	0
180	0
181	0
182	0
183	0
184	1
185	0
186	0
187	0
188	1
189	0
190	0
191	0
192	0
193	0
194	0
195	0
196	0
197	0
198	0
199	0
200	1
201	0
202	1
203	0
204	0
205	1
206	0
207	1
208	0
209	0
210	0
211	0
212	0
213	1
214	0
215	0
216	0
217	0
218	0
219	0
220	0
221	0
222	0
223	0
224	0
225	0
226	0
227	0
228	0
229	0
230	1
231	0
232	0
233	0
234	0
235	0
236	0
237	0
238	0
239	0
240	0
241	0
242	0
243	0
244	0
245	0
246	0
247	0
248	0
249	0
250	0
251	0
252	0
253	1
254	0
255	2
256	3
257	8
258	6
259	12
260	9
261	7
262	5
263	3
264	2
265	0
266	0
267	0
268	0
269	0
270	1
271	1
272	1
273	0
274	2
275	0
276	0
277	0
278	0
279	2
280	2
281	0
282	5
283	2
284	7
285	7
286	15
287	20
288	16
289	14
290	12
291	11
292	4
293	2
294	0
295	0
296	0
297	0
298	3
299	1
300	1
301	2
302	1
303	2
304	0
305	0
306	4
307	1
308	1
309	1
310	1
311	0
312	3
313	1
314	4
315	2
316	3
317	1
318	1
319	3
320	6
321	4
322	2
323	4
324	6
325	4
326	4
327	4
328	5
329	7
330	5
331	7
332	4
333	3
334	7
335	6
336	3
337	7
338	5
339	6
340	5
341	5
342	6
343	8
344	7
345	9
346	11
347	14
348	13
349	10
350	9
351	9
352	12
353	10
354	9
355	13
356	12
357	13
358	14
359	17
360	12
361	14
362	21
363	19
364	24
365	20
366	16
367	15
368	26
369	19
370	21
371	24
372	21
373	14
374	35
375	27
376	15
377	31
378	23
379	22
380	16
381	26
382	14
383	13
384	16
385	7
386	6
387	2
388	2
389	6
390	2
391	0
392	0
393	1
394	1
395	0
396	1
397	2
398	1
399	0
400	2
401	0
402	0
403	0
404	0
405	1
406	1
407	0
408	1
409	1
410	3
411	1
412	1
413	0
414	2
415	0
416	0
417	0
418	1
419	0
420	2
421	2
422	0
423	3
424	0
425	1
426	2
427	1
428	2
429	3
430	3
431	5
432	1
433	1
434	4
435	0
436	1
437	3
438	3
439	4
440	4
441	4
442	2
443	2
444	1
445	2
446	0
447	2
448	2
449	0
450	0
451	0
452	0
453	0
454	0
455	0
456	0
457	0
458	1
459	0
460	0
461	1
462	2
463	1
464	1
465	1
466	0
467	1
468	1
469	1
470	0
471	0
472	1
473	1
474	0
475	0
476	1
477	0
478	0
479	0
480	0
481	0
482	1
483	0
484	0
485	0
486	0
487	3
488	1
489	0
490	1
491	0
492	0
493	0
494	2
495	0
496	0
497	1
498	0
499	0
500	1
501	0
502	1
503	1
504	2
505	4
506	1
507	0
508	1
509	1
510	1
511	0
512	1
513	0
514	2
515	3
516	0
517	0
518	1
519	1
520	0
521	0
522	0
523	2
524	1
525	2
526	2
527	2
528	1
529	2
530	1
531	2
532	1
533	1
534	2
535	2
536	1
537	3
538	0
539	6
540	5
541	2
542	3
543	0
544	4
545	7
546	5
547	1
548	3
549	2
550	6
551	2
552	5
553	6
554	0
555	6
556	2
557	5
558	4
559	4
560	1
561	3
562	3
563	3
564	2
565	3
566	3
567	3
568	1
569	5
570	3
571	10
572	4
573	2
574	8
575	4
576	2
577	2
578	3
579	3
580	2
581	6
582	3
583	4
584	2
585	4
586	4
587	6
588	6
589	1
590	3
591	4
592	6
593	9
594	3
595	5
596	11
597	7
598	7
599	8
600	4
601	5
602	6
603	5
604	4
605	5
606	2
607	6
608	4
609	8
610	6
611	4
612	5
613	7
614	9
615	13
616	5
617	5
618	7
619	10
620	8
621	5
622	6
623	8
624	5
625	12
626	4
627	13
628	9
629	11
630	7
631	5
632	11
633	11
634	8
635	7
636	7
637	9
638	5
639	12
640	9
641	4
642	10
643	10
644	4
645	10
646	10
647	13
648	10
649	3
650	12
651	5
652	14
653	7
654	9
655	7
656	5
657	6
658	6
659	7
660	10
661	10
662	8
663	4
664	11
665	5
666	7
667	15
668	7
669	9
670	13
671	7
672	8
673	8
674	5
675	11
676	8
677	11
678	10
679	7
680	14
681	7
682	8
683	16
684	11
685	11
686	13
687	6
688	12
689	12
690	9
691	10
692	9
693	15
694	8
695	7
696	11
697	6
698	9
699	12
700	12
701	11
702	6
703	7
704	6
705	10
706	12
707	11
708	20
709	7
710	14
711	12
712	10
713	10
714	13
715	12
716	15
717	6
718	12
719	8
720	13
721	12
722	9
723	10
724	12
725	10
726	7
727	11
728	11
729	11
730	23
731	12
732	8
733	11
734	7
735	19
736	12
737	11
738	12
739	13
740	11
741	13
742	18
743	10
744	8
745	11
746	12
747	10
748	18
749	13
750	9
751	13
752	15
753	16
754	10
755	14
756	10
757	20
758	13
759	7
760	9
761	12
762	14
763	8
764	9
765	13
766	11
767	13
768	10
769	11
770	13
771	12
772	8
773	11
774	4
775	14
776	7
777	11
778	12
779	21
780	22
781	7
782	13
783	16
784	13
785	14
786	17
787	21
788	14
789	5
790	12
791	14
792	14
793	13
794	13
795	6
796	19
797	9
798	10
799	9
800	12
801	9
802	14
803	11
804	16
805	17
806	13
807	15
808	7
809	10
810	10
811	15
812	8
813	17
814	15
815	12
816	10
817	10
818	13
819	13
820	9
821	8
822	15
823	11
824	12
825	15
826	6
827	6
828	13
829	12
830	21
831	14
832	17
833	15
834	9
835	10
836	10
837	10
838	15
839	5
840	11
841	10
842	6
843	11
844	12
845	18
846	11
847	7
848	10
849	15
850	14
851	14
852	5
853	8
854	7
855	11
856	11
857	10
858	12
859	14
860	24
861	11
862	9
863	9
864	8
865	12
866	13
867	9
868	8
869	12
870	16
871	5
872	9
873	8
874	12
875	16
876	8
877	6
878	10
879	11
880	12
881	14
882	15
883	13
884	10
885	14
886	9
887	12
888	13
889	7
890	5
891	8
892	10
893	8
894	10
895	10
896	7
897	8
898	15
899	12
900	9
901	10
902	7
903	12
904	8
905	11
906	13
907	9
908	11
909	6
910	9
911	8
912	11
913	6
914	6
915	7
916	11
917	5
918	16
919	10
920	8
921	10
922	5
923	4
924	11
925	9
926	12
927	9
928	5
929	15
930	7
931	7
932	10
933	9
934	11
935	10
936	5
937	4
938	8
939	6
940	7
941	13
942	8
943	9
944	10
945	11
946	4
947	14
948	10
949	5
950	12
951	10
952	9
953	3
954	7
955	5
956	6
957	6
958	6
959	15
960	11
961	10
962	10
963	10
964	7
965	6
966	7
967	7
968	6
969	6
970	7
971	5
972	5
973	5
974	5
975	8
976	13
977	10
978	10
979	7
980	5
981	3
982	10
983	7
984	7
985	7
986	6
987	4
988	10
989	4
990	10
991	5
992	4
993	3
994	8
995	3
996	1
997	6
998	3
999	8
1000	6
1001	6
1002	10
1003	4
1004	3
1005	7
1006	11
1007	6
1008	1
1009	4
1010	6
1011	9
1012	7
1013	4
1014	3
1015	3
1016	1
1017	5
1018	4
1019	0
1020	5
1021	3
1022	1
1023	4
1024	3
1025	4
1026	1
1027	7
1028	7
1029	4
1030	6
1031	3
1032	2
1033	3
1034	2
1035	1
1036	6
1037	2
1038	7
1039	10
1040	3
1041	6
1042	4
1043	3
1044	8
1045	9
1046	3
1047	3
1048	5
1049	3
1050	4
1051	9
1052	6
1053	5
1054	6
1055	4
1056	4
1057	0
1058	5
1059	5
1060	4
1061	4
1062	1
1063	4
1064	5
1065	2
1066	3
1067	3
1068	8
1069	3
1070	3
1071	1
1072	5
1073	4
1074	3
1075	3
1076	4
1077	2
1078	5
1079	1
1080	5
1081	1
1082	0
1083	5
1084	4
1085	4
1086	4
1087	4
1088	6
1089	4
1090	2
1091	3
1092	0
1093	2
1094	5
1095	4
1096	4
1097	3
1098	2
1099	3
1100	4
1101	4
1102	1
1103	1
1104	1
1105	2
1106	2
1107	0
1108	2
1109	0
1110	2
1111	1
1112	3
1113	2
1114	4
1115	3
1116	1
1117	2
1118	3
1119	1
1120	2
1121	2
1122	2
1123	1
1124	2
1125	3
1126	2
1127	1
1128	1
1129	2
1130	3
1131	1
1132	1
1133	1
1134	0
1135	1
1136	2
1137	0
1138	0
1139	0
1140	1
1141	0
1142	1
1143	1
1144	1
1145	4
1146	0
1147	1
1148	1
1149	0
1150	1
1151	0
1152	1
1153	0
1154	0
1155	0
1156	0
1157	0
1158	0
1159	0
1160	0
1161	0
1162	0
1163	0
1164	0
1165	0
1166	0
1167	0
1168	0
1169	0
1170	0
1171	0
1172	0
1173	0
1174	0
1175	0
1176	0
1177	0
1178	0
1179	0
1180	0
1181	0
1182	0
1183	0
1184	0
1185	0
1186	0
1187	0
1188	0
1189	0
1190	0
1191	0
1192	0
1193	0
1194	0
1195	0
1196	0
1197	0
1198	0
1199	0
1200	0
1201	0
1202	0
1203	0
1204	0
1205	0
1206	0
1207	0
1208	0
1209	0
1210	0
1211	0
1212	0
1213	0
1214	0
1215	0
1216	0
1217	0
1218	0
1219	0
1220	0
1221	0
1222	0
1223	0
1224	0
1225	0
1226	0
1227	0
1228	0
1229	0
1230	0
1231	0
1232	0
1233	0
1234	0
1235	0
1236	0
1237	0
1238	0
1239	0
1240	0
1241	0
1242	0
1243	0
1244	0
1245	0
1246	0
1247	0
1248	0
1249	0
1250	0
1251	0
1252	0
1253	0
1254	0
1255	0
1256	0
1257	0
1258	0
1259	0
1260	0
1261	0
1262	0
1263	0
1264	0
1265	0
1266	0
1267	0
1268	0
1269	0
1270	0
1271	0
1272	0
1273	0
1274	0
1275	0
1276	0
1277	0
1278	0
1279	0
1280	0
1281	0
1282	0
1283	0
1284	0
1285	0
1286	0
1287	0
1288	0
1289	0
1290	0
1291	0
1292	0
1293	0
1294	0
1295	0
1296	0
1297	0
1298	0
1299	0
1300	0
1301	0
1302	0
1303	0
1304	0
1305	0
1306	0
1307	0
1308	0
1309	0
1310	0
1311	0
1312	0
1313	0
1314	0
1315	0
1316	0
1317	0
1318	0
1319	0
1320	0
1321	0
1322	0
1323	0
1324	0
1325	0
1326	0
1327	0
1328	0
1329	0
1330	0
1331	0
1332	0
1333	0
1334	0
1335	0
1336	0
1337	0
1338	0
1339	0
1340	0
1341	0
1342	0
1343	0
1344	0
1345	0
1346	0
1347	0
1348	0
1349	0
1350	0
1351	0
1352	0
1353	0
1354	0
1355	0
1356	0
1357	0
1358	0
1359	0
1360	0
1361	0
1362	0
1363	0
1364	0
1365	0
1366	0
1367	0
1368	0
1369	0
1370	0
1371	0
1372	0
1373	0
1374	0
1375	0
1376	0
1377	0
1378	0
1379	0
1380	0
1381	0
1382	0
1383	0
1384	0
1385	0
1386	0
1387	0
1388	0
1389	0
1390	0
1391	0
1392	0
1393	0
1394	0
1395	0
1396	0
1397	0
1398	0
1399	0
1400	0
1401	0
1402	0
1403	0
1404	0
1405	0
1406	0
1407	0
1408	0
1409	0
1410	0
1411	0
1412	0
1413	0
1414	0
1415	0
1416	0
1417	0
1418	0
1419	0
1420	0
1421	0
1422	0
1423	0
1424	0
1425	0
1426	0
1427	0
1428	0
1429	0
1430	0
1431	0
1432	0
1433	0
1434	0
1435	0
1436	0
1437	0
1438	0
1439	0
1440	0
1441	0
1442	0
1443	0
1444	0
1445	0
1446	0
1447	0
1448	0
1449	0
1450	0
1451	0
1452	0
1453	0
1454	0
1455	0
1456	0
1457	0
1458	0
1459	0
1460	0
1461	0
1462	0
1463	0
1464	0
1465	0
1466	0
1467	0
1468	0
1469	0
1470	0
1471	0
1472	0
1473	0
1474	0
1475	0
1476	0
1477	0
1478	0
1479	0
1480	0
1481	0
1482	0
1483	0
1484	0
1485	0
1486	0
1487	0
1488	0
1489	0
1490	0
1491	0
1492	0
1493	0
1494	0
1495	0
1496	0
1497	0
1498	0
1499	0
1500	0
1501	0
1502	0
1503	0
1504	0
1505	0
1506	0
1507	0
1508	0
1509	0
1510	0
1511	0
1512	0
1513	0
1514	0
1515	0
1516	0
1517	0
1518	0
1519	0
1520	0
1521	0
1522	0
1523	0
1524	0
1525	0
1526	0
1527	0
1528	0
1529	0
1530	0
1531	0
1532	0
1533	0
1534	0
1535	0
1536	0
1537	0
1538	0
1539	0
1540	0
1541	0
1542	0
1543	0
1544	0
1545	0
1546	0
1547	0
1548	0
1549	0
1550	0
1551	0
1552	0
1553	0
1554	0
1555	0
1556	0
1557	0
1558	0
1559	0
1560	0
1561	0
1562	0
1563	0
1564	0
1565	0
1566	0
1567	0
1568	0
1569	0
1570	0
1571	0
1572	0
1573	0
1574	0
1575	0
1576	0
1577	0
1578	0
1579	0
1580	0
1581	0
1582	0
1583	0
1584	0
1585	0
1586	0
1587	0
1588	0
1589	0
1590	0
1591	0
1592	0
1593	0
1594	0
1595	0
1596	0
1597	0
1598	0
1599	0
1600	0
1601	0
1602	0
1603	0
1604	0
1605	0
1606	0
1607	0
1608	0
1609	0
1610	0
1611	0
1612	0
1613	0
1614	0
1615	0
1616	0
1617	0
1618	0
1619	0
1620	0
1621	0
1622	0
1623	0
1624	0
1625	0
1626	0
1627	0
1628	0
1629	0
1630	0
1631	0
1632	0
1633	0
1634	0
1635	0
1636	0
1637	0
1638	0
1639	0
1640	0
1641	0
1642	0
1643	0
1644	0
1645	0
1646	0
1647	0
1648	0
1649	0
1650	0
1651	0
1652	0
1653	0
1654	0
1655	0
1656	0
1657	0
1658	0
1659	0
1660	0
1661	0
1662	0
1663	0
1664	0
1665	0
1666	0
1667	0
1668	0
1669	0
1670	0
1671	0
1672	0
1673	0
1674	0
1675	0
1676	0
1677	0
1678	0
1679	0
1680	0
1681	0
1682	0
1683	0
1684	0
1685	0
1686	0
1687	0
1688	0
1689	0
1690	0
1691	0
1692	0
1693	0
1694	0
1695	0
1696	0
1697	0
1698	0
1699	0
1700	0
1701	0
1702	0
1703	0
1704	0
1705	0
1706	0
1707	0
1708	0
1709	0
1710	0
1711	0
1712	0
1713	0
1714	0
1715	0
1716	0
1717	0
1718	0
1719	0
1720	0
1721	0
1722	0
1723	0
1724	0
1725	0
1726	0
1727	0
1728	0
1729	0
1730	0
1731	0
1732	0
1733	0
1734	0
1735	0
1736	0
1737	0
1738	0
1739	0
1740	0
1741	0
1742	0
1743	0
1744	0
1745	0
1746	0
1747	0
1748	0
1749	0
1750	0
1751	0
1752	0
1753	0
1754	0
1755	0
1756	0
1757	0
1758	0
1759	0
1760	0
1761	0
1762	0
1763	0
1764	0
1765	0
1766	0
1767	0
1768	0
1769	0
1770	0
1771	0
1772	0
1773	0
1774	0
1775	0
1776	0
1777	0
1778	0
1779	0
1780	0
1781	0
1782	0
1783	0
1784	0
1785	0
1786	0
1787	0
1788	0
1789	0
1790	0
1791	0
1792	0
1793	0
1794	0
1795	0
1796	0
1797	0
1798	0
1799	0
1800	0
1801	0
1802	0
1803	0
1804	0
1805	0
1806	0
1807	0
1808	0
1809	0
1810	0
1811	0
1812	0
1813	0
1814	0
1815	0
1816	0
1817	0
1818	0
1819	0
1820	0
1821	0
1822	0
1823	0
1824	0
1825	0
1826	0
1827	0
1828	0
1829	0
1830	0
1831	1
1832	0
1833	0
1834	0
1835	0
1836	0
1837	0
1838	0
1839	0
1840	0
1841	0
1842	0
1843	0
1844	0
1845	0
1846	0
1847	0
1848	0
1849	0
1850	0
1851	0
1852	0
1853	0
1854	0
1855	0
1856	0
1857	0
1858	0
1859	0
1860	0
1861	0
1862	0
1863	0
1864	0
1865	0
1866	0
1867	0
1868	0
1869	0
1870	0
1871	0
1872	0
1873	0
1874	0
1875	0
1876	0
1877	0
1878	0
1879	0
1880	0
1881	0
1882	0
1883	0
1884	0
1885	0
1886	0
1887	0
1888	0
1889	0
1890	0
1891	0
1892	0
1893	0
1894	0
1895	0
1896	0
1897	0
1898	0
1899	0
1900	0
1901	0
1902	0
1903	0
1904	0
1905	0
1906	0
1907	0
1908	0
1909	0
1910	0
1911	0
1912	0
1913	0
1914	0
1915	0
1916	0
1917	0
1918	0
1919	0
1920	0
1921	0
1922	0
1923	0
1924	0
1925	0
1926	0
1927	0
1928	0
1929	0
1930	0
1931	0
1932	0
1933	0
1934	0
1935	0
1936	0
1937	0
1938	0
1939	0
1940	0
1941	0
1942	0
1943	0
1944	0
1945	0
1946	0
1947	0
1948	0
1949	0
1950	0
1951	0
1952	0
1953	0
1954	0
1955	0
1956	0
1957	0
1958	0
1959	0
1960	0
1961	0
1962	0
1963	0
1964	0
1965	0
1966	0
1967	0
1968	0
1969	0
1970	0
1971	0
1972	0
1973	0
1974	0
1975	0
1976	0
1977	0
1978	0
1979	0
1980	0
1981	0
1982	0
1983	0
1984	0
1985	0
1986	0
1987	0
1988	0
1989	0
1990	0
1991	0
1992	0
1993	0
1994	0
1995	0
1996	0
1997	0
1998	0
1999	0
2000	0
2001	0
2002	0
2003	0
2004	0
2005	0
2006	0
2007	0
2008	0
2009	0
2010	0
2011	0
2012	0
2013	0
2014	0
2015	0
2016	0
2017	0
2018	0
2019	0
2020	0
2021	0
2022	0
2023	0
2024	0
2025	0
2026	0
2027	0
2028	0
2029	0
2030	0
2031	0
2032	0
2033	0
2034	0
2035	0
2036	0
2037	0
2038	0
2039	0
2040	0
2041	0
2042	0
2043	0
2044	0
2045	0
2046	0
2047	0
